Iteration,Version,ROC_AUC,PR_AUC,TimeElapsed,K,TrainRatio,ExperimentID,Seed,ThresholdMode,Threshold,Precision,Recall,F1Score,TestTP,TestFP,TestFN,TestTN,TestTPR,TestTNR,TestFPR,TestFNR,TestPrecision,TestRecall,TestF1Score,TestAccuracy,TestExpectedAccuracy,TestKappa,TestMCC,TestTSS,TotalLinks,TrainLinks,TestLinks,BackboneTotal,NonBackboneTotal,BackboneTrainLinks,NonBackboneTrainLinks,BackboneTestLinks,NonBackboneTestLinks,EmpiricalNumSpecies,EmpiricalLinks,EmpiricalConnectance,EmpiricalMeanTrophicLevel,EmpiricalMeanDegree,EmpiricalMeanGenerality,EmpiricalMeanVulnerability,EmpiricalDegreeStd,EmpiricalDegreeCV,EmpiricalDegreeGini,EmpiricalGeneralityStd,EmpiricalGeneralityCV,EmpiricalGeneralityGini,EmpiricalVulnerabilityStd,EmpiricalVulnerabilityCV,EmpiricalVulnerabilityGini,EmpiricalTrophicLevelStd,EmpiricalTrophicLevelCV,EmpiricalTrophicLevelRange,EmpiricalMeanLocalClustering,EmpiricalTransitivity,EmpiricalNumTriangles,EmpiricalTriangleDensity,EmpiricalMeanDietOverlap,EmpiricalPropBasal,EmpiricalPropIntermediate,EmpiricalPropTop,PseudoNumSpecies,PseudoLinks,PseudoConnectance,PseudoMeanTrophicLevel,PseudoMeanDegree,PseudoMeanGenerality,PseudoMeanVulnerability,PseudoDegreeStd,PseudoDegreeCV,PseudoDegreeGini,PseudoGeneralityStd,PseudoGeneralityCV,PseudoGeneralityGini,PseudoVulnerabilityStd,PseudoVulnerabilityCV,PseudoVulnerabilityGini,PseudoTrophicLevelStd,PseudoTrophicLevelCV,PseudoTrophicLevelRange,PseudoMeanLocalClustering,PseudoTransitivity,PseudoNumTriangles,PseudoTriangleDensity,PseudoMeanDietOverlap,PseudoPropBasal,PseudoPropIntermediate,PseudoPropTop,DeltaLinks,DeltaConnectance,DeltaMeanTrophicLevel,DeltaMeanDegree,DeltaMeanGenerality,DeltaMeanVulnerability,DeltaDegreeStd,DeltaDegreeCV,DeltaDegreeGini,DeltaGeneralityStd,DeltaGeneralityCV,DeltaGeneralityGini,DeltaVulnerabilityStd,DeltaVulnerabilityCV,DeltaVulnerabilityGini,DeltaTrophicLevelStd,DeltaTrophicLevelCV,DeltaTrophicLevelRange,DeltaMeanLocalClustering,DeltaTransitivity,DeltaNumTriangles,DeltaTriangleDensity,DeltaMeanDietOverlap,DeltaPropBasal,DeltaPropIntermediate,DeltaPropTop,PseudoTP,PseudoFP,PseudoFN,PseudoTN,PseudoTPR,PseudoTNR,PseudoFPR,PseudoFNR,PseudoPrecision,PseudoRecall,PseudoF1Score,PseudoMCC,PseudoTSS,PseudoJaccardLinks,NumPredictedNovelLinks,NumTrueNovelLinks,EvaluateOnAllUnseen,CvK,FoldID,NumFolds
1,WLNM_dir_neg_kfold,0.8682,0.6616,00:00:01,10,80,1,13346,fixed,0.5000,0.8333,0.3125,0.4545,5,1,11,31,0.3125,0.9688,0.0312,0.6875,0.8333,0.3125,0.4545,0.7500,0.6250,0.3333,0.4009,0.2812,85,69,16,0,85,0,69,0,16,21,80,0.1905,1.7904,7.6190,8,4.2105,3.8533,0.5057,0.2482,4.5235,1.1874,0.6143,2.0644,0.5419,0.2762,0.9564,0.5342,2.5584,0.3263,0.2461,52,0.0391,0.3388,0.5238,0.3810,0.0952,21,70,0.1667,1.8898,6.6667,6.3636,3.6842,3.5119,0.5268,0.2673,3.8773,1.1632,0.5986,1.9322,0.5797,0.3143,0.9992,0.5287,2.7202,0.3375,0.2568,41,0.0308,0.2329,0.4762,0.4286,0.0952,-10,-0.0238,0.0995,-0.9524,-1.6364,-0.5263,-0.3414,0.0210,0.0191,-0.6462,-0.0242,-0.0156,-0.1323,0.0377,0.0381,0.0428,-0.0055,0.1618,0.0112,0.0107,-11,-0.0083,-0.1059,-0.0476,0.0476,0,69,1,11,339,0.8625,0.9971,0.0029,0.1375,0.9857,0.8625,0.9200,0.9057,0.8596,0.8519,6,16,0,5,1,5
2,WLNM_dir_neg_kfold,0.7832,0.6354,00:00:01,10,80,2,13347,fixed,0.5000,0.7500,0.3750,0.5000,6,2,10,30,0.3750,0.9375,0.0625,0.6250,0.7500,0.3750,0.5000,0.7500,0.6111,0.3571,0.3953,0.3125,85,69,16,0,85,0,69,0,16,21,80,0.1905,1.7904,7.6190,8,4.2105,3.8533,0.5057,0.2482,4.5235,1.1874,0.6143,2.0644,0.5419,0.2762,0.9564,0.5342,2.5584,0.3263,0.2461,52,0.0391,0.3388,0.5238,0.3810,0.0952,21,72,0.1714,1.7963,6.8571,7.2000,3.7895,3.6233,0.5284,0.2791,4.0444,1.1796,0.6032,1.8860,0.5501,0.3029,0.9662,0.5379,2.5584,0.3635,0.2953,50,0.0376,0.2776,0.5238,0.3810,0.0952,-8,-0.0190,0.0059,-0.7619,-0.8000,-0.4211,-0.2299,0.0227,0.0309,-0.4791,-0.0078,-0.0111,-0.1784,0.0082,0.0267,0.0098,0.0037,0,0.0372,0.0492,-2,-0.0015,-0.0612,0,0,0,70,2,10,338,0.8750,0.9941,0.0059,0.1250,0.9722,0.8750,0.9211,0.9055,0.8691,0.8537,8,16,0,5,1,5
3,WLNM_dir_neg_kfold,0.9082,0.7464,00:00:01,10,80,3,13348,fixed,0.5000,1,0.6250,0.7692,10,0,6,32,0.6250,1,0,0.3750,1,0.6250,0.7692,0.8750,0.5972,0.6897,0.7255,0.6250,85,69,16,0,85,0,69,0,16,21,80,0.1905,1.7904,7.6190,8,4.2105,3.8533,0.5057,0.2482,4.5235,1.1874,0.6143,2.0644,0.5419,0.2762,0.9564,0.5342,2.5584,0.3263,0.2461,52,0.0391,0.3388,0.5238,0.3810,0.0952,21,74,0.1762,1.7970,7.0476,7.4000,3.8947,3.7613,0.5337,0.2651,4.2145,1.1960,0.6165,2.0401,0.5789,0.3050,0.9662,0.5377,2.6123,0.3319,0.2409,44,0.0331,0.3122,0.5238,0.3810,0.0952,-6,-0.0143,0.0066,-0.5714,-0.6000,-0.3158,-0.0919,0.0280,0.0169,-0.3090,0.0086,0.0022,-0.0244,0.0370,0.0288,0.0098,0.0035,0.0538,0.0056,-0.0052,-8,-0.0060,-0.0266,0,0,0,74,0,6,340,0.9250,1,0,0.0750,1,0.9250,0.9610,0.9534,0.9250,0.9250,10,16,0,5,1,5
4,WLNM_dir_neg_kfold,0.6748,0.5541,00:00:01,10,80,4,13349,fixed,0.5000,0.7143,0.3125,0.4348,5,2,11,30,0.3125,0.9375,0.0625,0.6875,0.7143,0.3125,0.4348,0.7292,0.6181,0.2909,0.3339,0.2500,85,69,16,0,85,0,69,0,16,21,80,0.1905,1.7904,7.6190,8,4.2105,3.8533,0.5057,0.2482,4.5235,1.1874,0.6143,2.0644,0.5419,0.2762,0.9564,0.5342,2.5584,0.3263,0.2461,52,0.0391,0.3388,0.5238,0.3810,0.0952,21,71,0.1690,1.8467,6.7619,7.1000,3.7368,3.5624,0.5268,0.2790,4.0308,1.1922,0.6090,1.7742,0.5247,0.2830,1.0502,0.5687,2.9062,0.3641,0.2824,45,0.0338,0.2637,0.5238,0.3810,0.0952,-9,-0.0214,0.0563,-0.8571,-0.9000,-0.4737,-0.2909,0.0211,0.0308,-0.4927,0.0048,-0.0053,-0.2903,-0.0172,0.0068,0.0939,0.0345,0.3478,0.0378,0.0364,-7,-0.0053,-0.0751,0,0,0,69,2,11,338,0.8625,0.9941,0.0059,0.1375,0.9718,0.8625,0.9139,0.8975,0.8566,0.8415,7,16,0,5,1,5
5,WLNM_dir_neg_kfold,0.7412,0.7182,00:00:01,10,80,5,13350,fixed,0.5000,0.9167,0.6875,0.7857,11,1,5,31,0.6875,0.9688,0.0312,0.3125,0.9167,0.6875,0.7857,0.8750,0.5833,0.7000,0.7144,0.6562,85,69,16,0,85,0,69,0,16,21,80,0.1905,1.7904,7.6190,8,4.2105,3.8533,0.5057,0.2482,4.5235,1.1874,0.6143,2.0644,0.5419,0.2762,0.9564,0.5342,2.5584,0.3263,0.2461,52,0.0391,0.3388,0.5238,0.3810,0.0952,21,76,0.1810,1.8175,7.2381,7.6000,4,3.8197,0.5277,0.2688,4.3183,1.1932,0.6165,2.0366,0.5627,0.3008,0.9849,0.5419,2.6123,0.3286,0.2448,47,0.0353,0.3149,0.5238,0.3810,0.0952,-4,-0.0095,0.0271,-0.3810,-0.4000,-0.2105,-0.0335,0.0220,0.0206,-0.2052,0.0058,0.0023,-0.0279,0.0208,0.0246,0.0286,0.0077,0.0538,0.0023,-0.0013,-5,-0.0038,-0.0238,0,0,0,75,1,5,339,0.9375,0.9971,0.0029,0.0625,0.9868,0.9375,0.9615,0.9532,0.9346,0.9259,12,16,0,5,1,5
6,WLNM_dir_neg_kfold,0.7666,0.5729,00:00:01,10,80,6,13351,fixed,0.5000,0.7143,0.6250,0.6667,10,4,6,28,0.6250,0.8750,0.1250,0.3750,0.7143,0.6250,0.6667,0.7917,0.5694,0.5161,0.5186,0.5000,85,69,16,0,85,0,69,0,16,21,80,0.1905,1.7904,7.6190,8,4.2105,3.8533,0.5057,0.2482,4.5235,1.1874,0.6143,2.0644,0.5419,0.2762,0.9564,0.5342,2.5584,0.3263,0.2461,52,0.0391,0.3388,0.5238,0.3810,0.0952,21,78,0.1857,2.1557,7.4286,7.0909,4.1053,3.9946,0.5377,0.2747,4.3948,1.1832,0.6154,2.0771,0.5592,0.2991,1.2474,0.5787,3.6309,0.3904,0.3078,63,0.0474,0.2626,0.4762,0.4286,0.0952,-2,-0.0048,0.3653,-0.1905,-0.9091,-0.1053,0.1414,0.0320,0.0265,-0.1287,-0.0042,0.0011,0.0126,0.0173,0.0230,0.2911,0.0445,1.0724,0.0640,0.0618,11,0.0083,-0.0762,-0.0476,0.0476,0,74,4,6,336,0.9250,0.9882,0.0118,0.0750,0.9487,0.9250,0.9367,0.9222,0.9132,0.8810,14,16,0,5,1,5
7,WLNM_dir_neg_kfold,0.7305,0.6536,00:00:01,10,80,7,13352,fixed,0.5000,0.8333,0.3125,0.4545,5,1,11,31,0.3125,0.9688,0.0312,0.6875,0.8333,0.3125,0.4545,0.7500,0.6250,0.3333,0.4009,0.2812,85,69,16,0,85,0,69,0,16,21,80,0.1905,1.7904,7.6190,8,4.2105,3.8533,0.5057,0.2482,4.5235,1.1874,0.6143,2.0644,0.5419,0.2762,0.9564,0.5342,2.5584,0.3263,0.2461,52,0.0391,0.3388,0.5238,0.3810,0.0952,21,70,0.1667,1.8263,6.6667,7,3.6842,3.6652,0.5498,0.2830,3.9917,1.1975,0.6095,1.7701,0.5310,0.2884,1.0159,0.5563,2.8486,0.3385,0.2581,40,0.0301,0.2588,0.5238,0.3810,0.0952,-10,-0.0238,0.0359,-0.9524,-1,-0.5263,-0.1881,0.0440,0.0348,-0.5318,0.0101,-0.0048,-0.2943,-0.0109,0.0122,0.0596,0.0221,0.2902,0.0122,0.0120,-12,-0.0090,-0.0800,0,0,0,69,1,11,339,0.8625,0.9971,0.0029,0.1375,0.9857,0.8625,0.9200,0.9057,0.8596,0.8519,6,16,0,5,1,5
8,WLNM_dir_neg_kfold,0.7217,0.5480,00:00:01,10,80,8,13353,fixed,0.5000,0.7857,0.6875,0.7333,11,3,5,29,0.6875,0.9062,0.0938,0.3125,0.7857,0.6875,0.7333,0.8333,0.5694,0.6129,0.6158,0.5938,85,69,16,0,85,0,69,0,16,21,80,0.1905,1.7904,7.6190,8,4.2105,3.8533,0.5057,0.2482,4.5235,1.1874,0.6143,2.0644,0.5419,0.2762,0.9564,0.5342,2.5584,0.3263,0.2461,52,0.0391,0.3388,0.5238,0.3810,0.0952,21,78,0.1857,1.7747,7.4286,7.8000,4.1053,3.6820,0.4957,0.2558,4.3260,1.1647,0.6020,2.0529,0.5527,0.2894,0.9269,0.5223,2.3341,0.3512,0.2893,57,0.0429,0.3300,0.5238,0.3810,0.0952,-2,-0.0048,-0.0157,-0.1905,-0.2000,-0.1053,-0.1713,-0.0101,0.0076,-0.1975,-0.0227,-0.0123,-0.0116,0.0108,0.0132,-0.0294,-0.0119,-0.2243,0.0249,0.0433,5,0.0038,-0.0088,0,0,0,75,3,5,337,0.9375,0.9912,0.0088,0.0625,0.9615,0.9375,0.9494,0.9378,0.9287,0.9036,14,16,0,5,1,5
9,WLNM_dir_neg_kfold,0.7363,0.5559,00:00:01,10,80,9,13354,fixed,0.5000,0.8333,0.3125,0.4545,5,1,11,31,0.3125,0.9688,0.0312,0.6875,0.8333,0.3125,0.4545,0.7500,0.6250,0.3333,0.4009,0.2812,85,69,16,0,85,0,69,0,16,21,80,0.1905,1.7904,7.6190,8,4.2105,3.8533,0.5057,0.2482,4.5235,1.1874,0.6143,2.0644,0.5419,0.2762,0.9564,0.5342,2.5584,0.3263,0.2461,52,0.0391,0.3388,0.5238,0.3810,0.0952,21,70,0.1667,1.8393,6.6667,7,3.5000,3.5261,0.5289,0.2776,3.9791,1.1937,0.6082,1.7416,0.5225,0.2844,1.0385,0.5646,2.9059,0.3641,0.2824,45,0.0338,0.2540,0.5238,0.4286,0.0476,-10,-0.0238,0.0490,-0.9524,-1,-0.7105,-0.3272,0.0232,0.0293,-0.5444,0.0063,-0.0061,-0.3228,-0.0194,0.0082,0.0822,0.0305,0.3475,0.0378,0.0364,-7,-0.0053,-0.0848,0,0.0476,-0.0476,69,1,11,339,0.8625,0.9971,0.0029,0.1375,0.9857,0.8625,0.9200,0.9057,0.8596,0.8519,6,16,0,5,1,5
10,WLNM_dir_neg_kfold,0.7422,0.5954,00:00:01,10,80,10,13355,fixed,0.5000,0.7500,0.3750,0.5000,6,2,10,30,0.3750,0.9375,0.0625,0.6250,0.7500,0.3750,0.5000,0.7500,0.6111,0.3571,0.3953,0.3125,85,69,16,0,85,0,69,0,16,21,80,0.1905,1.7904,7.6190,8,4.2105,3.8533,0.5057,0.2482,4.5235,1.1874,0.6143,2.0644,0.5419,0.2762,0.9564,0.5342,2.5584,0.3263,0.2461,52,0.0391,0.3388,0.5238,0.3810,0.0952,21,72,0.1714,1.8184,6.8571,7.2000,3.7895,3.6233,0.5284,0.2804,4.0690,1.1868,0.6098,1.8323,0.5344,0.2910,1.0001,0.5500,2.6123,0.3835,0.3130,53,0.0398,0.2793,0.5238,0.3810,0.0952,-8,-0.0190,0.0280,-0.7619,-0.8000,-0.4211,-0.2299,0.0227,0.0322,-0.4544,-0.0006,-0.0045,-0.2322,-0.0075,0.0148,0.0437,0.0158,0.0538,0.0572,0.0669,1,0.0008,-0.0595,0,0,0,70,2,10,338,0.8750,0.9941,0.0059,0.1250,0.9722,0.8750,0.9211,0.9055,0.8691,0.8537,8,16,0,5,1,5
11,WLNM_dir_neg_kfold,0.7393,0.6430,00:00:01,10,80,11,13356,fixed,0.5000,0.8462,0.6875,0.7586,11,2,5,30,0.6875,0.9375,0.0625,0.3125,0.8462,0.6875,0.7586,0.8542,0.5764,0.6557,0.6630,0.6250,85,69,16,0,85,0,69,0,16,21,80,0.1905,1.7904,7.6190,8,4.2105,3.8533,0.5057,0.2482,4.5235,1.1874,0.6143,2.0644,0.5419,0.2762,0.9564,0.5342,2.5584,0.3263,0.2461,52,0.0391,0.3388,0.5238,0.3810,0.0952,21,77,0.1833,1.8235,7.3333,7.7000,4.0526,3.8123,0.5199,0.2684,4.3627,1.1898,0.6147,1.9833,0.5409,0.2894,0.9946,0.5454,2.6123,0.3418,0.2602,51,0.0383,0.3127,0.5238,0.3810,0.0952,-3,-0.0071,0.0331,-0.2857,-0.3000,-0.1579,-0.0410,0.0141,0.0202,-0.1608,0.0024,0.0004,-0.0812,-0.0010,0.0132,0.0382,0.0113,0.0538,0.0155,0.0141,-1,-0.0008,-0.0261,0,0,0,75,2,5,338,0.9375,0.9941,0.0059,0.0625,0.9740,0.9375,0.9554,0.9454,0.9316,0.9146,13,16,0,5,1,5
12,WLNM_dir_neg_kfold,0.7656,0.6621,00:00:01,10,80,12,13357,fixed,0.5000,0.8333,0.3125,0.4545,5,1,11,31,0.3125,0.9688,0.0312,0.6875,0.8333,0.3125,0.4545,0.7500,0.6250,0.3333,0.4009,0.2812,85,69,16,0,85,0,69,0,16,21,80,0.1905,1.7904,7.6190,8,4.2105,3.8533,0.5057,0.2482,4.5235,1.1874,0.6143,2.0644,0.5419,0.2762,0.9564,0.5342,2.5584,0.3263,0.2461,52,0.0391,0.3388,0.5238,0.3810,0.0952,21,70,0.1667,1.8293,6.6667,7,3.6842,3.5261,0.5289,0.2776,4.0042,1.2012,0.6136,1.8257,0.5477,0.2952,1.0210,0.5581,2.8351,0.3641,0.2824,45,0.0338,0.2659,0.5238,0.3810,0.0952,-10,-0.0238,0.0389,-0.9524,-1,-0.5263,-0.3272,0.0232,0.0293,-0.5193,0.0138,-0.0007,-0.2387,0.0058,0.0190,0.0646,0.0240,0.2766,0.0378,0.0364,-7,-0.0053,-0.0729,0,0,0,69,1,11,339,0.8625,0.9971,0.0029,0.1375,0.9857,0.8625,0.9200,0.9057,0.8596,0.8519,6,16,0,5,1,5
13,WLNM_dir_neg_kfold,0.7578,0.5967,00:00:01,10,80,13,13358,fixed,0.5000,0.6667,0.3750,0.4800,6,3,10,29,0.3750,0.9062,0.0938,0.6250,0.6667,0.3750,0.4800,0.7292,0.6042,0.3158,0.3397,0.2812,85,69,16,0,85,0,69,0,16,21,80,0.1905,1.7904,7.6190,8,4.2105,3.8533,0.5057,0.2482,4.5235,1.1874,0.6143,2.0644,0.5419,0.2762,0.9564,0.5342,2.5584,0.3263,0.2461,52,0.0391,0.3388,0.5238,0.3810,0.0952,21,73,0.1738,1.8442,6.9524,7.3000,3.8421,3.8010,0.5467,0.2838,4.1063,1.1813,0.6067,1.9396,0.5580,0.3040,1.0084,0.5468,2.6894,0.3652,0.2802,48,0.0361,0.2808,0.5238,0.3810,0.0952,-7,-0.0167,0.0538,-0.6667,-0.7000,-0.3684,-0.0523,0.0410,0.0355,-0.4172,-0.0061,-0.0076,-0.1249,0.0160,0.0278,0.0520,0.0126,0.1310,0.0388,0.0341,-4,-0.0030,-0.0579,0,0,0,70,3,10,337,0.8750,0.9912,0.0088,0.1250,0.9589,0.8750,0.9150,0.8976,0.8662,0.8434,9,16,0,5,1,5
14,WLNM_dir_neg_kfold,0.8770,0.7197,00:00:01,10,80,14,13359,fixed,0.5000,0.7333,0.6875,0.7097,11,4,5,28,0.6875,0.8750,0.1250,0.3125,0.7333,0.6875,0.7097,0.8125,0.5625,0.5714,0.5721,0.5625,85,69,16,0,85,0,69,0,16,21,80,0.1905,1.7904,7.6190,8,4.2105,3.8533,0.5057,0.2482,4.5235,1.1874,0.6143,2.0644,0.5419,0.2762,0.9564,0.5342,2.5584,0.3263,0.2461,52,0.0391,0.3388,0.5238,0.3810,0.0952,21,79,0.1881,1.8089,7.5238,7.9000,3.9500,3.9066,0.5192,0.2676,4.4822,1.1915,0.6124,1.8413,0.4895,0.2556,0.9664,0.5342,2.5323,0.3914,0.2841,59,0.0444,0.2991,0.5238,0.4286,0.0476,-1,-0.0024,0.0186,-0.0952,-0.1000,-0.2605,0.0534,0.0135,0.0194,-0.0412,0.0041,-0.0019,-0.2231,-0.0524,-0.0206,0.0101,0.0001,-0.0261,0.0651,0.0381,7,0.0053,-0.0396,0,0.0476,-0.0476,75,4,5,336,0.9375,0.9882,0.0118,0.0625,0.9494,0.9375,0.9434,0.9302,0.9257,0.8929,15,16,0,5,1,5
15,WLNM_dir_neg_kfold,0.6777,0.5955,00:00:01,10,80,15,13360,fixed,0.5000,0.6667,0.3750,0.4800,6,3,10,29,0.3750,0.9062,0.0938,0.6250,0.6667,0.3750,0.4800,0.7292,0.6042,0.3158,0.3397,0.2812,85,69,16,0,85,0,69,0,16,21,80,0.1905,1.7904,7.6190,8,4.2105,3.8533,0.5057,0.2482,4.5235,1.1874,0.6143,2.0644,0.5419,0.2762,0.9564,0.5342,2.5584,0.3263,0.2461,52,0.0391,0.3388,0.5238,0.3810,0.0952,21,73,0.1738,2.0588,6.9524,6.6364,3.6500,3.7480,0.5391,0.2811,4.0696,1.1707,0.5975,1.8061,0.5196,0.2870,1.1603,0.5636,3.2318,0.4028,0.2949,52,0.0391,0.2326,0.4762,0.4762,0.0476,-7,-0.0167,0.2684,-0.6667,-1.3636,-0.5605,-0.1052,0.0334,0.0329,-0.4539,-0.0167,-0.0168,-0.2584,-0.0224,0.0108,0.2040,0.0294,0.6733,0.0764,0.0488,0,0,-0.1062,-0.0476,0.0952,-0.0476,70,3,10,337,0.8750,0.9912,0.0088,0.1250,0.9589,0.8750,0.9150,0.8976,0.8662,0.8434,9,16,0,5,1,5
16,WLNM_dir_neg_kfold,0.8145,0.5733,00:00:01,10,80,16,13361,fixed,0.5000,0.7143,0.6250,0.6667,10,4,6,28,0.6250,0.8750,0.1250,0.3750,0.7143,0.6250,0.6667,0.7917,0.5694,0.5161,0.5186,0.5000,85,69,16,0,85,0,69,0,16,21,80,0.1905,1.7904,7.6190,8,4.2105,3.8533,0.5057,0.2482,4.5235,1.1874,0.6143,2.0644,0.5419,0.2762,0.9564,0.5342,2.5584,0.3263,0.2461,52,0.0391,0.3388,0.5238,0.3810,0.0952,21,78,0.1857,1.8583,7.4286,7.8000,3.7143,3.9060,0.5258,0.2711,4.5071,1.2135,0.6190,1.6475,0.4436,0.2332,1.0630,0.5720,3.0347,0.4309,0.3065,61,0.0459,0.2802,0.5238,0.4762,0,-2,-0.0048,0.0679,-0.1905,-0.2000,-0.4962,0.0528,0.0201,0.0228,-0.0163,0.0260,0.0048,-0.4169,-0.0984,-0.0430,0.1067,0.0379,0.4763,0.1046,0.0605,9,0.0068,-0.0585,0,0.0952,-0.0952,74,4,6,336,0.9250,0.9882,0.0118,0.0750,0.9487,0.9250,0.9367,0.9222,0.9132,0.8810,14,16,0,5,1,5
17,WLNM_dir_neg_kfold,0.7090,0.4750,00:00:01,10,80,17,13362,fixed,0.5000,0.5000,0.2500,0.3333,4,4,12,28,0.2500,0.8750,0.1250,0.7500,0.5000,0.2500,0.3333,0.6667,0.6111,0.1429,0.1581,0.1250,85,69,16,0,85,0,69,0,16,21,80,0.1905,1.7904,7.6190,8,4.2105,3.8533,0.5057,0.2482,4.5235,1.1874,0.6143,2.0644,0.5419,0.2762,0.9564,0.5342,2.5584,0.3263,0.2461,52,0.0391,0.3388,0.5238,0.3810,0.0952,21,72,0.1714,2.0488,6.8571,6.5455,3.7895,3.7321,0.5443,0.2771,4.0690,1.1868,0.6071,2.0389,0.5947,0.3228,1.1290,0.5511,3.2212,0.3410,0.2685,46,0.0346,0.2387,0.4762,0.4286,0.0952,-8,-0.0190,0.2584,-0.7619,-1.4545,-0.4211,-0.1212,0.0385,0.0289,-0.4544,-0.0006,-0.0071,-0.0255,0.0528,0.0466,0.1727,0.0169,0.6628,0.0147,0.0224,-6,-0.0045,-0.1001,-0.0476,0.0476,0,68,4,12,336,0.8500,0.9882,0.0118,0.1500,0.9444,0.8500,0.8947,0.8734,0.8382,0.8095,8,16,0,5,1,5
18,WLNM_dir_neg_kfold,0.7070,0.4950,00:00:01,10,80,18,13363,fixed,0.5000,0.7143,0.3125,0.4348,5,2,11,30,0.3125,0.9375,0.0625,0.6875,0.7143,0.3125,0.4348,0.7292,0.6181,0.2909,0.3339,0.2500,85,69,16,0,85,0,69,0,16,21,80,0.1905,1.7904,7.6190,8,4.2105,3.8533,0.5057,0.2482,4.5235,1.1874,0.6143,2.0644,0.5419,0.2762,0.9564,0.5342,2.5584,0.3263,0.2461,52,0.0391,0.3388,0.5238,0.3810,0.0952,21,71,0.1690,1.7718,6.7619,7.1000,3.5500,3.5764,0.5289,0.2763,4.0059,1.1849,0.6036,1.8021,0.5330,0.2924,0.9261,0.5227,2.5233,0.3412,0.2668,45,0.0338,0.2610,0.5238,0.4286,0.0476,-9,-0.0214,-0.0186,-0.8571,-0.9000,-0.6605,-0.2769,0.0232,0.0281,-0.5175,-0.0026,-0.0107,-0.2623,-0.0089,0.0162,-0.0303,-0.0115,-0.0352,0.0149,0.0207,-7,-0.0053,-0.0778,0,0.0476,-0.0476,69,2,11,338,0.8625,0.9941,0.0059,0.1375,0.9718,0.8625,0.9139,0.8975,0.8566,0.8415,7,16,0,5,1,5
19,WLNM_dir_neg_kfold,0.6543,0.4985,00:00:01,10,80,19,13364,fixed,0.5000,0.4286,0.3750,0.4000,6,8,10,24,0.3750,0.7500,0.2500,0.6250,0.4286,0.3750,0.4000,0.6250,0.5694,0.1290,0.1296,0.1250,85,69,16,0,85,0,69,0,16,21,80,0.1905,1.7904,7.6190,8,4.2105,3.8533,0.5057,0.2482,4.5235,1.1874,0.6143,2.0644,0.5419,0.2762,0.9564,0.5342,2.5584,0.3263,0.2461,52,0.0391,0.3388,0.5238,0.3810,0.0952,21,78,0.1857,2.3258,7.4286,6,3.9000,3.6135,0.4864,0.2534,3.9893,1.0740,0.5604,1.9785,0.5327,0.2943,1.2156,0.5227,3.7086,0.3953,0.3191,60,0.0451,0.1859,0.3810,0.5714,0.0476,-2,-0.0048,0.5355,-0.1905,-2,-0.3105,-0.2398,-0.0193,0.0051,-0.5342,-0.1134,-0.0538,-0.0860,-0.0093,0.0181,0.2593,-0.0115,1.1502,0.0689,0.0731,8,0.0060,-0.1529,-0.1429,0.1905,-0.0476,70,8,10,332,0.8750,0.9765,0.0235,0.1250,0.8974,0.8750,0.8861,0.8598,0.8515,0.7955,14,16,0,5,1,5
20,WLNM_dir_neg_kfold,0.8584,0.7035,00:00:01,10,80,20,13365,fixed,0.5000,1,0.3125,0.4762,5,0,11,32,0.3125,1,0,0.6875,1,0.3125,0.4762,0.7708,0.6319,0.3774,0.4822,0.3125,85,69,16,0,85,0,69,0,16,21,80,0.1905,1.7904,7.6190,8,4.2105,3.8533,0.5057,0.2482,4.5235,1.1874,0.6143,2.0644,0.5419,0.2762,0.9564,0.5342,2.5584,0.3263,0.2461,52,0.0391,0.3388,0.5238,0.3810,0.0952,21,69,0.1643,1.8229,6.5714,6.9000,3.6316,3.4867,0.5306,0.2754,3.9515,1.2026,0.6128,1.8205,0.5541,0.3009,1.0107,0.5544,2.8351,0.3385,0.2581,40,0.0301,0.2603,0.5238,0.3810,0.0952,-11,-0.0262,0.0325,-1.0476,-1.1000,-0.5789,-0.3666,0.0248,0.0271,-0.5720,0.0152,-0.0014,-0.2439,0.0122,0.0247,0.0544,0.0203,0.2766,0.0122,0.0120,-12,-0.0090,-0.0784,0,0,0,69,0,11,340,0.8625,1,0,0.1375,1,0.8625,0.9262,0.9140,0.8625,0.8625,5,16,0,5,1,5
21,WLNM_dir_neg_kfold,0.9238,0.6754,00:00:01,10,80,1,14346,fixed,0.5000,0.8750,0.4375,0.5833,7,1,9,31,0.4375,0.9688,0.0312,0.5625,0.8750,0.4375,0.5833,0.7917,0.6111,0.4643,0.5139,0.4062,85,69,16,0,85,0,69,0,16,21,80,0.1905,1.7904,7.6190,8,4.2105,3.8533,0.5057,0.2482,4.5235,1.1874,0.6143,2.0644,0.5419,0.2762,0.9564,0.5342,2.5584,0.3263,0.2461,52,0.0391,0.3388,0.5238,0.3810,0.0952,21,72,0.1714,1.8149,6.8571,7.2000,3.6000,3.2907,0.4799,0.2427,4.2139,1.2291,0.6296,1.7485,0.5100,0.2725,0.9967,0.5492,2.7737,0.3025,0.2261,37,0.0278,0.2476,0.5238,0.4286,0.0476,-8,-0.0190,0.0245,-0.7619,-0.8000,-0.6105,-0.5626,-0.0258,-0.0055,-0.3096,0.0416,0.0153,-0.3160,-0.0319,-0.0037,0.0404,0.0150,0.2152,-0.0238,-0.0200,-15,-0.0113,-0.0911,0,0.0476,-0.0476,71,1,9,339,0.8875,0.9971,0.0029,0.1125,0.9861,0.8875,0.9342,0.9216,0.8846,0.8765,8,16,0,5,2,5
22,WLNM_dir_neg_kfold,0.9482,0.6891,00:00:01,10,80,2,14347,fixed,0.5000,0.9000,0.5625,0.6923,9,1,7,31,0.5625,0.9688,0.0312,0.4375,0.9000,0.5625,0.6923,0.8333,0.5972,0.5862,0.6167,0.5312,85,69,16,0,85,0,69,0,16,21,80,0.1905,1.7904,7.6190,8,4.2105,3.8533,0.5057,0.2482,4.5235,1.1874,0.6143,2.0644,0.5419,0.2762,0.9564,0.5342,2.5584,0.3263,0.2461,52,0.0391,0.3388,0.5238,0.3810,0.0952,21,74,0.1762,1.7912,7.0476,7.4000,3.8947,3.4129,0.4843,0.2490,4.2617,1.2094,0.6216,1.9136,0.5431,0.2883,0.9637,0.5380,2.6983,0.3017,0.2299,40,0.0301,0.2747,0.5238,0.3810,0.0952,-6,-0.0143,0.0008,-0.5714,-0.6000,-0.3158,-0.4404,-0.0215,0.0008,-0.2618,0.0220,0.0073,-0.1508,0.0011,0.0121,0.0073,0.0038,0.1399,-0.0247,-0.0162,-12,-0.0090,-0.0641,0,0,0,73,1,7,339,0.9125,0.9971,0.0029,0.0875,0.9865,0.9125,0.9481,0.9375,0.9096,0.9012,10,16,0,5,2,5
23,WLNM_dir_neg_kfold,0.9492,0.7115,00:00:01,10,80,3,14348,fixed,0.5000,0.8667,0.8125,0.8387,13,2,3,30,0.8125,0.9375,0.0625,0.1875,0.8667,0.8125,0.8387,0.8958,0.5625,0.7619,0.7628,0.7500,85,69,16,0,85,0,69,0,16,21,80,0.1905,1.7904,7.6190,8,4.2105,3.8533,0.5057,0.2482,4.5235,1.1874,0.6143,2.0644,0.5419,0.2762,0.9564,0.5342,2.5584,0.3263,0.2461,52,0.0391,0.3388,0.5238,0.3810,0.0952,21,79,0.1881,1.7942,7.5238,7.9000,4.1579,3.6962,0.4913,0.2423,4.5597,1.2121,0.6245,1.9469,0.5175,0.2652,0.9681,0.5396,2.7101,0.3163,0.2319,47,0.0353,0.3055,0.5238,0.3810,0.0952,-1,-0.0024,0.0038,-0.0952,-0.1000,-0.0526,-0.1571,-0.0145,-0.0059,0.0362,0.0246,0.0102,-0.1175,-0.0244,-0.0110,0.0117,0.0054,0.1517,-0.0100,-0.0141,-5,-0.0038,-0.0333,0,0,0,77,2,3,338,0.9625,0.9941,0.0059,0.0375,0.9747,0.9625,0.9686,0.9612,0.9566,0.9390,15,16,0,5,2,5
24,WLNM_dir_neg_kfold,0.8008,0.4903,00:00:01,10,80,4,14349,fixed,0.5000,0.7778,0.4375,0.5600,7,2,9,30,0.4375,0.9375,0.0625,0.5625,0.7778,0.4375,0.5600,0.7708,0.6042,0.4211,0.4529,0.3750,85,69,16,0,85,0,69,0,16,21,80,0.1905,1.7904,7.6190,8,4.2105,3.8533,0.5057,0.2482,4.5235,1.1874,0.6143,2.0644,0.5419,0.2762,0.9564,0.5342,2.5584,0.3263,0.2461,52,0.0391,0.3388,0.5238,0.3810,0.0952,21,73,0.1738,1.7472,6.9524,7.3000,4.0556,3.3388,0.4802,0.2453,4.2499,1.2226,0.6262,1.9905,0.5726,0.3027,0.9010,0.5156,2.5263,0.3075,0.2351,42,0.0316,0.2715,0.5238,0.3333,0.1429,-7,-0.0167,-0.0431,-0.6667,-0.7000,-0.1550,-0.5145,-0.0255,-0.0029,-0.2736,0.0352,0.0119,-0.0740,0.0307,0.0265,-0.0554,-0.0185,-0.0321,-0.0188,-0.0110,-10,-0.0075,-0.0673,0,-0.0476,0.0476,71,2,9,338,0.8875,0.9941,0.0059,0.1125,0.9726,0.8875,0.9281,0.9136,0.8816,0.8659,9,16,0,5,2,5
25,WLNM_dir_neg_kfold,0.8047,0.4993,00:00:01,10,80,5,14350,fixed,0.5000,0.6364,0.4375,0.5185,7,4,9,28,0.4375,0.8750,0.1250,0.5625,0.6364,0.4375,0.5185,0.7292,0.5903,0.3390,0.3505,0.3125,85,69,16,0,85,0,69,0,16,21,80,0.1905,1.7904,7.6190,8,4.2105,3.8533,0.5057,0.2482,4.5235,1.1874,0.6143,2.0644,0.5419,0.2762,0.9564,0.5342,2.5584,0.3263,0.2461,52,0.0391,0.3388,0.5238,0.3810,0.0952,21,75,0.1786,1.8921,7.1429,6.8182,3.7500,3.4101,0.4774,0.2483,4.2139,1.1799,0.6121,1.9124,0.5355,0.2921,0.9862,0.5212,2.6746,0.3357,0.2420,43,0.0323,0.2198,0.4762,0.4762,0.0476,-5,-0.0119,0.1017,-0.4762,-1.1818,-0.4605,-0.4432,-0.0283,0.0000,-0.3096,-0.0075,-0.0022,-0.1521,-0.0065,0.0159,0.0299,-0.0129,0.1162,0.0094,-0.0040,-9,-0.0068,-0.1189,-0.0476,0.0952,-0.0476,71,4,9,336,0.8875,0.9882,0.0118,0.1125,0.9467,0.8875,0.9161,0.8979,0.8757,0.8452,11,16,0,5,2,5
26,WLNM_dir_neg_kfold,0.8691,0.5415,00:00:01,10,80,6,14351,fixed,0.5000,0.7000,0.4375,0.5385,7,3,9,29,0.4375,0.9062,0.0938,0.5625,0.7000,0.4375,0.5385,0.7500,0.5972,0.3793,0.3990,0.3438,85,69,16,0,85,0,69,0,16,21,80,0.1905,1.7904,7.6190,8,4.2105,3.8533,0.5057,0.2482,4.5235,1.1874,0.6143,2.0644,0.5419,0.2762,0.9564,0.5342,2.5584,0.3263,0.2461,52,0.0391,0.3388,0.5238,0.3810,0.0952,21,74,0.1762,2.0398,7.0476,6.7273,3.8947,3.6807,0.5223,0.2664,4.2851,1.2160,0.6281,1.9652,0.5577,0.3024,1.1130,0.5456,2.9300,0.3809,0.2629,46,0.0346,0.2252,0.4762,0.4286,0.0952,-6,-0.0143,0.2494,-0.5714,-1.2727,-0.3158,-0.1726,0.0165,0.0182,-0.2384,0.0286,0.0138,-0.0993,0.0158,0.0263,0.1566,0.0115,0.3715,0.0546,0.0168,-6,-0.0045,-0.1135,-0.0476,0.0476,0,71,3,9,337,0.8875,0.9912,0.0088,0.1125,0.9595,0.8875,0.9221,0.9056,0.8787,0.8554,10,16,0,5,2,5
27,WLNM_dir_neg_kfold,0.7207,0.4418,00:00:01,10,80,7,14352,fixed,0.5000,0.6000,0.3750,0.4615,6,4,10,28,0.3750,0.8750,0.1250,0.6250,0.6000,0.3750,0.4615,0.7083,0.5972,0.2759,0.2902,0.2500,85,69,16,0,85,0,69,0,16,21,80,0.1905,1.7904,7.6190,8,4.2105,3.8533,0.5057,0.2482,4.5235,1.1874,0.6143,2.0644,0.5419,0.2762,0.9564,0.5342,2.5584,0.3263,0.2461,52,0.0391,0.3388,0.5238,0.3810,0.0952,21,74,0.1762,2.0702,7.0476,6.7273,3.8947,3.3982,0.4822,0.2432,4.3084,1.2226,0.6268,1.8873,0.5356,0.2793,1.1423,0.5518,3.3000,0.2912,0.2235,40,0.0301,0.2161,0.4762,0.4286,0.0952,-6,-0.0143,0.2798,-0.5714,-1.2727,-0.3158,-0.4551,-0.0236,-0.0050,-0.2151,0.0352,0.0125,-0.1771,-0.0063,0.0031,0.1860,0.0176,0.7415,-0.0351,-0.0226,-12,-0.0090,-0.1227,-0.0476,0.0476,0,70,4,10,336,0.8750,0.9882,0.0118,0.1250,0.9459,0.8750,0.9091,0.8897,0.8632,0.8333,10,16,0,5,2,5
28,WLNM_dir_neg_kfold,0.7832,0.6007,00:00:01,10,80,8,14353,fixed,0.5000,0.6667,0.3750,0.4800,6,3,10,29,0.3750,0.9062,0.0938,0.6250,0.6667,0.3750,0.4800,0.7292,0.6042,0.3158,0.3397,0.2812,85,69,16,0,85,0,69,0,16,21,80,0.1905,1.7904,7.6190,8,4.2105,3.8533,0.5057,0.2482,4.5235,1.1874,0.6143,2.0644,0.5419,0.2762,0.9564,0.5342,2.5584,0.3263,0.2461,52,0.0391,0.3388,0.5238,0.3810,0.0952,21,73,0.1738,1.7838,6.9524,7.3000,4.0556,3.6397,0.5235,0.2674,4.2734,1.2293,0.6236,1.8335,0.5275,0.2779,0.9476,0.5312,2.5039,0.3316,0.2458,44,0.0331,0.2601,0.5238,0.3333,0.1429,-7,-0.0167,-0.0066,-0.6667,-0.7000,-0.1550,-0.2135,0.0178,0.0192,-0.2501,0.0419,0.0093,-0.2309,-0.0145,0.0017,-0.0087,-0.0029,-0.0545,0.0052,-0.0002,-8,-0.0060,-0.0787,0,-0.0476,0.0476,70,3,10,337,0.8750,0.9912,0.0088,0.1250,0.9589,0.8750,0.9150,0.8976,0.8662,0.8434,9,16,0,5,2,5
29,WLNM_dir_neg_kfold,0.8418,0.5321,00:00:01,10,80,9,14354,fixed,0.5000,0.6667,0.6250,0.6452,10,5,6,27,0.6250,0.8438,0.1562,0.3750,0.6667,0.6250,0.6452,0.7708,0.5625,0.4762,0.4767,0.4688,85,69,16,0,85,0,69,0,16,21,80,0.1905,1.7904,7.6190,8,4.2105,3.8533,0.5057,0.2482,4.5235,1.1874,0.6143,2.0644,0.5419,0.2762,0.9564,0.5342,2.5584,0.3263,0.2461,52,0.0391,0.3388,0.5238,0.3810,0.0952,21,79,0.1881,2.1232,7.5238,6.5833,4.1579,3.6003,0.4785,0.2477,4.3232,1.1492,0.5980,1.9469,0.5175,0.2712,1.1296,0.5321,3.4494,0.3995,0.3122,64,0.0481,0.2156,0.4286,0.4762,0.0952,-1,-0.0024,0.3328,-0.0952,-1.4167,-0.0526,-0.2530,-0.0272,-0.0005,-0.2002,-0.0382,-0.0163,-0.1175,-0.0244,-0.0049,0.1733,-0.0021,0.8910,0.0731,0.0661,12,0.0090,-0.1231,-0.0952,0.0952,0,74,5,6,335,0.9250,0.9853,0.0147,0.0750,0.9367,0.9250,0.9308,0.9147,0.9103,0.8706,15,16,0,5,2,5
30,WLNM_dir_neg_kfold,0.8691,0.6913,00:00:01,10,80,10,14355,fixed,0.5000,0.9000,0.5625,0.6923,9,1,7,31,0.5625,0.9688,0.0312,0.4375,0.9000,0.5625,0.6923,0.8333,0.5972,0.5862,0.6167,0.5312,85,69,16,0,85,0,69,0,16,21,80,0.1905,1.7904,7.6190,8,4.2105,3.8533,0.5057,0.2482,4.5235,1.1874,0.6143,2.0644,0.5419,0.2762,0.9564,0.5342,2.5584,0.3263,0.2461,52,0.0391,0.3388,0.5238,0.3810,0.0952,21,74,0.1762,1.7457,7.0476,7.4000,4.1111,3.4420,0.4884,0.2407,4.4002,1.2487,0.6345,2.0644,0.5859,0.3089,0.8905,0.5101,2.4096,0.3093,0.2162,40,0.0301,0.2852,0.5238,0.3333,0.1429,-6,-0.0143,-0.0447,-0.5714,-0.6000,-0.0994,-0.4112,-0.0173,-0.0075,-0.1233,0.0613,0.0202,0,0.0439,0.0327,-0.0659,-0.0241,-0.1489,-0.0170,-0.0298,-12,-0.0090,-0.0536,0,-0.0476,0.0476,73,1,7,339,0.9125,0.9971,0.0029,0.0875,0.9865,0.9125,0.9481,0.9375,0.9096,0.9012,10,16,0,5,2,5
31,WLNM_dir_neg_kfold,0.8867,0.6836,00:00:01,10,80,11,14356,fixed,0.5000,0.8750,0.4375,0.5833,7,1,9,31,0.4375,0.9688,0.0312,0.5625,0.8750,0.4375,0.5833,0.7917,0.6111,0.4643,0.5139,0.4062,85,69,16,0,85,0,69,0,16,21,80,0.1905,1.7904,7.6190,8,4.2105,3.8533,0.5057,0.2482,4.5235,1.1874,0.6143,2.0644,0.5419,0.2762,0.9564,0.5342,2.5584,0.3263,0.2461,52,0.0391,0.3388,0.5238,0.3810,0.0952,21,72,0.1714,1.8077,6.8571,7.2000,3.7895,3.4101,0.4973,0.2540,4.1662,1.2151,0.6230,1.8048,0.5264,0.2831,0.9860,0.5455,2.5591,0.3164,0.2233,37,0.0278,0.2558,0.5238,0.3810,0.0952,-8,-0.0190,0.0173,-0.7619,-0.8000,-0.4211,-0.4432,-0.0084,0.0058,-0.3573,0.0277,0.0087,-0.2597,-0.0155,0.0069,0.0297,0.0113,0.0006,-0.0100,-0.0227,-15,-0.0113,-0.0829,0,0,0,71,1,9,339,0.8875,0.9971,0.0029,0.1125,0.9861,0.8875,0.9342,0.9216,0.8846,0.8765,8,16,0,5,2,5
32,WLNM_dir_neg_kfold,0.9199,0.6594,00:00:01,10,80,12,14357,fixed,0.5000,0.8000,0.5000,0.6154,8,2,8,30,0.5000,0.9375,0.0625,0.5000,0.8000,0.5000,0.6154,0.7917,0.5972,0.4828,0.5078,0.4375,85,69,16,0,85,0,69,0,16,21,80,0.1905,1.7904,7.6190,8,4.2105,3.8533,0.5057,0.2482,4.5235,1.1874,0.6143,2.0644,0.5419,0.2762,0.9564,0.5342,2.5584,0.3263,0.2461,52,0.0391,0.3388,0.5238,0.3810,0.0952,21,74,0.1762,1.7780,7.0476,7.4000,3.8947,3.5281,0.5006,0.2561,4.2617,1.2094,0.6229,1.8061,0.5125,0.2690,0.9351,0.5260,2.5128,0.3697,0.2757,50,0.0376,0.2630,0.5238,0.3810,0.0952,-6,-0.0143,-0.0124,-0.5714,-0.6000,-0.3158,-0.3251,-0.0051,0.0079,-0.2618,0.0220,0.0086,-0.2584,-0.0294,-0.0072,-0.0212,-0.0082,-0.0456,0.0434,0.0297,-2,-0.0015,-0.0757,0,0,0,72,2,8,338,0.9000,0.9941,0.0059,0.1000,0.9730,0.9000,0.9351,0.9216,0.8941,0.8780,10,16,0,5,2,5
33,WLNM_dir_neg_kfold,0.6973,0.5082,00:00:01,10,80,13,14358,fixed,0.5000,1,0.3125,0.4762,5,0,11,32,0.3125,1,0,0.6875,1,0.3125,0.4762,0.7708,0.6319,0.3774,0.4822,0.3125,85,69,16,0,85,0,69,0,16,21,80,0.1905,1.7904,7.6190,8,4.2105,3.8533,0.5057,0.2482,4.5235,1.1874,0.6143,2.0644,0.5419,0.2762,0.9564,0.5342,2.5584,0.3263,0.2461,52,0.0391,0.3388,0.5238,0.3810,0.0952,21,69,0.1643,1.7783,6.5714,6.9000,3.8333,3.2950,0.5014,0.2512,4.1248,1.2554,0.6377,1.9011,0.5786,0.3106,0.9480,0.5331,2.5926,0.3218,0.2236,36,0.0271,0.2484,0.5238,0.3333,0.1429,-11,-0.0262,-0.0121,-1.0476,-1.1000,-0.3772,-0.5582,-0.0043,0.0030,-0.3986,0.0680,0.0234,-0.1633,0.0367,0.0344,-0.0083,-0.0011,0.0342,-0.0045,-0.0225,-16,-0.0120,-0.0903,0,-0.0476,0.0476,69,0,11,340,0.8625,1,0,0.1375,1,0.8625,0.9262,0.9140,0.8625,0.8625,5,16,0,5,2,5
34,WLNM_dir_neg_kfold,0.8887,0.6606,00:00:01,10,80,14,14359,fixed,0.5000,0.8333,0.3125,0.4545,5,1,11,31,0.3125,0.9688,0.0312,0.6875,0.8333,0.3125,0.4545,0.7500,0.6250,0.3333,0.4009,0.2812,85,69,16,0,85,0,69,0,16,21,80,0.1905,1.7904,7.6190,8,4.2105,3.8533,0.5057,0.2482,4.5235,1.1874,0.6143,2.0644,0.5419,0.2762,0.9564,0.5342,2.5584,0.3263,0.2461,52,0.0391,0.3388,0.5238,0.3810,0.0952,21,70,0.1667,1.7831,6.6667,7,3.8889,3.4108,0.5116,0.2571,4.1992,1.2598,0.6408,1.9061,0.5718,0.3034,0.9494,0.5325,2.5926,0.3711,0.2565,43,0.0323,0.2488,0.5238,0.3333,0.1429,-10,-0.0238,-0.0073,-0.9524,-1,-0.3216,-0.4425,0.0059,0.0089,-0.3243,0.0723,0.0265,-0.1583,0.0299,0.0272,-0.0069,-0.0017,0.0342,0.0448,0.0104,-9,-0.0068,-0.0900,0,-0.0476,0.0476,69,1,11,339,0.8625,0.9971,0.0029,0.1375,0.9857,0.8625,0.9200,0.9057,0.8596,0.8519,6,16,0,5,2,5
35,WLNM_dir_neg_kfold,0.8066,0.5122,00:00:01,10,80,15,14360,fixed,0.5000,0.6667,0.5000,0.5714,8,4,8,28,0.5000,0.8750,0.1250,0.5000,0.6667,0.5000,0.5714,0.7500,0.5833,0.4000,0.4082,0.3750,85,69,16,0,85,0,69,0,16,21,80,0.1905,1.7904,7.6190,8,4.2105,3.8533,0.5057,0.2482,4.5235,1.1874,0.6143,2.0644,0.5419,0.2762,0.9564,0.5342,2.5584,0.3263,0.2461,52,0.0391,0.3388,0.5238,0.3810,0.0952,21,76,0.1810,2.0969,7.2381,6.9091,4,3.5058,0.4844,0.2538,4.2246,1.1673,0.6065,1.9099,0.5277,0.2832,1.1841,0.5647,3.5293,0.3241,0.2718,53,0.0398,0.2328,0.4762,0.4286,0.0952,-4,-0.0095,0.3065,-0.3810,-1.0909,-0.2105,-0.3475,-0.0214,0.0055,-0.2988,-0.0201,-0.0078,-0.1546,-0.0142,0.0070,0.2278,0.0306,0.9709,-0.0022,0.0257,1,0.0008,-0.1059,-0.0476,0.0476,0,72,4,8,336,0.9000,0.9882,0.0118,0.1000,0.9474,0.9000,0.9231,0.9060,0.8882,0.8571,12,16,0,5,2,5
36,WLNM_dir_neg_kfold,0.9160,0.6805,00:00:01,10,80,16,14361,fixed,0.5000,0.9333,0.8750,0.9032,14,1,2,31,0.8750,0.9688,0.0312,0.1250,0.9333,0.8750,0.9032,0.9375,0.5625,0.8571,0.8581,0.8438,85,69,16,0,85,0,69,0,16,21,80,0.1905,1.7904,7.6190,8,4.2105,3.8533,0.5057,0.2482,4.5235,1.1874,0.6143,2.0644,0.5419,0.2762,0.9564,0.5342,2.5584,0.3263,0.2461,52,0.0391,0.3388,0.5238,0.3810,0.0952,21,79,0.1881,1.8048,7.5238,7.9000,4.1579,3.8029,0.5054,0.2471,4.5266,1.2033,0.6209,2.0225,0.5376,0.2700,0.9833,0.5448,2.7630,0.3213,0.2390,49,0.0368,0.3235,0.5238,0.3810,0.0952,-1,-0.0024,0.0144,-0.0952,-0.1000,-0.0526,-0.0504,-0.0003,-0.0011,0.0032,0.0159,0.0066,-0.0419,-0.0043,-0.0061,0.0270,0.0107,0.2046,-0.0051,-0.0070,-3,-0.0023,-0.0153,0,0,0,78,1,2,339,0.9750,0.9971,0.0029,0.0250,0.9873,0.9750,0.9811,0.9768,0.9721,0.9630,15,16,0,5,2,5
37,WLNM_dir_neg_kfold,0.7578,0.5260,00:00:01,10,80,17,14362,fixed,0.5000,0.8571,0.3750,0.5217,6,1,10,31,0.3750,0.9688,0.0312,0.6250,0.8571,0.3750,0.5217,0.7708,0.6181,0.4000,0.4591,0.3438,85,69,16,0,85,0,69,0,16,21,80,0.1905,1.7904,7.6190,8,4.2105,3.8533,0.5057,0.2482,4.5235,1.1874,0.6143,2.0644,0.5419,0.2762,0.9564,0.5342,2.5584,0.3263,0.2461,52,0.0391,0.3388,0.5238,0.3810,0.0952,21,71,0.1690,1.7997,6.7619,7.1000,3.9444,3.4191,0.5056,0.2569,4.2128,1.2460,0.6358,1.9359,0.5726,0.3032,0.9687,0.5383,2.6364,0.3155,0.2169,36,0.0271,0.2592,0.5238,0.3333,0.1429,-9,-0.0214,0.0093,-0.8571,-0.9000,-0.2661,-0.4341,-0.0001,0.0087,-0.3107,0.0586,0.0215,-0.1286,0.0307,0.0270,0.0124,0.0041,0.0779,-0.0108,-0.0292,-16,-0.0120,-0.0796,0,-0.0476,0.0476,70,1,10,339,0.8750,0.9971,0.0029,0.1250,0.9859,0.8750,0.9272,0.9137,0.8721,0.8642,7,16,0,5,2,5
38,WLNM_dir_neg_kfold,0.9141,0.6494,00:00:01,10,80,18,14363,fixed,0.5000,0.7143,0.6250,0.6667,10,4,6,28,0.6250,0.8750,0.1250,0.3750,0.7143,0.6250,0.6667,0.7917,0.5694,0.5161,0.5186,0.5000,85,69,16,0,85,0,69,0,16,21,80,0.1905,1.7904,7.6190,8,4.2105,3.8533,0.5057,0.2482,4.5235,1.1874,0.6143,2.0644,0.5419,0.2762,0.9564,0.5342,2.5584,0.3263,0.2461,52,0.0391,0.3388,0.5238,0.3810,0.0952,21,78,0.1857,1.8367,7.4286,7.8000,3.9000,3.7891,0.5101,0.2650,4.4849,1.2075,0.6166,1.6776,0.4517,0.2332,1.0332,0.5625,2.8417,0.4171,0.3077,60,0.0451,0.2708,0.5238,0.4286,0.0476,-2,-0.0048,0.0463,-0.1905,-0.2000,-0.3105,-0.0642,0.0043,0.0167,-0.0386,0.0201,0.0023,-0.3869,-0.0903,-0.0430,0.0769,0.0284,0.2832,0.0907,0.0616,8,0.0060,-0.0680,0,0.0476,-0.0476,74,4,6,336,0.9250,0.9882,0.0118,0.0750,0.9487,0.9250,0.9367,0.9222,0.9132,0.8810,14,16,0,5,2,5
39,WLNM_dir_neg_kfold,0.9531,0.6994,00:00:01,10,80,19,14364,fixed,0.5000,0.8750,0.4375,0.5833,7,1,9,31,0.4375,0.9688,0.0312,0.5625,0.8750,0.4375,0.5833,0.7917,0.6111,0.4643,0.5139,0.4062,85,69,16,0,85,0,69,0,16,21,80,0.1905,1.7904,7.6190,8,4.2105,3.8533,0.5057,0.2482,4.5235,1.1874,0.6143,2.0644,0.5419,0.2762,0.9564,0.5342,2.5584,0.3263,0.2461,52,0.0391,0.3388,0.5238,0.3810,0.0952,21,72,0.1714,1.8136,6.8571,7.2000,3.7895,3.4682,0.5058,0.2566,4.1662,1.2151,0.6230,1.8048,0.5264,0.2831,0.9967,0.5496,2.6391,0.3267,0.2335,39,0.0293,0.2558,0.5238,0.3810,0.0952,-8,-0.0190,0.0232,-0.7619,-0.8000,-0.4211,-0.3850,0.0000,0.0084,-0.3573,0.0277,0.0087,-0.2597,-0.0155,0.0069,0.0403,0.0154,0.0807,0.0004,-0.0125,-13,-0.0098,-0.0829,0,0,0,71,1,9,339,0.8875,0.9971,0.0029,0.1125,0.9861,0.8875,0.9342,0.9216,0.8846,0.8765,8,16,0,5,2,5
40,WLNM_dir_neg_kfold,0.8945,0.6205,00:00:01,10,80,20,14365,fixed,0.5000,0.8182,0.5625,0.6667,9,2,7,30,0.5625,0.9375,0.0625,0.4375,0.8182,0.5625,0.6667,0.8125,0.5903,0.5424,0.5608,0.5000,85,69,16,0,85,0,69,0,16,21,80,0.1905,1.7904,7.6190,8,4.2105,3.8533,0.5057,0.2482,4.5235,1.1874,0.6143,2.0644,0.5419,0.2762,0.9564,0.5342,2.5584,0.3263,0.2461,52,0.0391,0.3388,0.5238,0.3810,0.0952,21,75,0.1786,1.8121,7.1429,7.5000,3.9474,3.7052,0.5187,0.2660,4.3883,1.2287,0.6273,1.8860,0.5281,0.2832,0.9910,0.5468,2.7101,0.3460,0.2604,48,0.0361,0.2701,0.5238,0.3810,0.0952,-5,-0.0119,0.0217,-0.4762,-0.5000,-0.2632,-0.1481,0.0130,0.0178,-0.1352,0.0413,0.0130,-0.1784,-0.0138,0.0070,0.0346,0.0127,0.1517,0.0197,0.0143,-4,-0.0030,-0.0687,0,0,0,73,2,7,338,0.9125,0.9941,0.0059,0.0875,0.9733,0.9125,0.9419,0.9295,0.9066,0.8902,11,16,0,5,2,5
41,WLNM_dir_neg_kfold,0.8887,0.4720,00:00:01,10,80,1,15346,fixed,0.5000,0.8182,0.5625,0.6667,9,2,7,30,0.5625,0.9375,0.0625,0.4375,0.8182,0.5625,0.6667,0.8125,0.5903,0.5424,0.5608,0.5000,85,69,16,0,85,0,69,0,16,21,80,0.1905,1.7904,7.6190,8,4.2105,3.8533,0.5057,0.2482,4.5235,1.1874,0.6143,2.0644,0.5419,0.2762,0.9564,0.5342,2.5584,0.3263,0.2461,52,0.0391,0.3388,0.5238,0.3810,0.0952,21,75,0.1786,1.8329,7.1429,6.8182,3.7500,3.8378,0.5373,0.2629,4.2845,1.1997,0.6210,2.0633,0.5777,0.2959,0.9032,0.4928,2.3789,0.2982,0.2228,43,0.0323,0.2683,0.4762,0.4762,0.0476,-5,-0.0119,0.0425,-0.4762,-1.1818,-0.4605,-0.0155,0.0315,0.0146,-0.2390,0.0123,0.0067,-0.0012,0.0358,0.0197,-0.0531,-0.0414,-0.1795,-0.0281,-0.0233,-9,-0.0068,-0.0704,-0.0476,0.0952,-0.0476,73,2,7,338,0.9125,0.9941,0.0059,0.0875,0.9733,0.9125,0.9419,0.9295,0.9066,0.8902,11,16,0,5,3,5
42,WLNM_dir_neg_kfold,0.9141,0.7658,00:00:01,10,80,2,15347,fixed,0.5000,0.8750,0.4375,0.5833,7,1,9,31,0.4375,0.9688,0.0312,0.5625,0.8750,0.4375,0.5833,0.7917,0.6111,0.4643,0.5139,0.4062,85,69,16,0,85,0,69,0,16,21,80,0.1905,1.7904,7.6190,8,4.2105,3.8533,0.5057,0.2482,4.5235,1.1874,0.6143,2.0644,0.5419,0.2762,0.9564,0.5342,2.5584,0.3263,0.2461,52,0.0391,0.3388,0.5238,0.3810,0.0952,21,72,0.1714,1.7289,6.8571,7.2000,4,3.6095,0.5264,0.2566,4.2376,1.2360,0.6336,2.1811,0.6362,0.3320,0.8568,0.4956,2.2727,0.2780,0.2057,36,0.0271,0.3138,0.5238,0.3333,0.1429,-8,-0.0190,-0.0615,-0.7619,-0.8000,-0.2105,-0.2437,0.0206,0.0084,-0.2859,0.0485,0.0193,0.1166,0.0942,0.0558,-0.0996,-0.0386,-0.2857,-0.0483,-0.0403,-16,-0.0120,-0.0250,0,-0.0476,0.0476,71,1,9,339,0.8875,0.9971,0.0029,0.1125,0.9861,0.8875,0.9342,0.9216,0.8846,0.8765,8,16,0,5,3,5
43,WLNM_dir_neg_kfold,0.8359,0.6735,00:00:01,10,80,3,15348,fixed,0.5000,0.8889,0.5000,0.6400,8,1,8,31,0.5000,0.9688,0.0312,0.5000,0.8889,0.5000,0.6400,0.8125,0.6042,0.5263,0.5661,0.4688,85,69,16,0,85,0,69,0,16,21,80,0.1905,1.7904,7.6190,8,4.2105,3.8533,0.5057,0.2482,4.5235,1.1874,0.6143,2.0644,0.5419,0.2762,0.9564,0.5342,2.5584,0.3263,0.2461,52,0.0391,0.3388,0.5238,0.3810,0.0952,21,73,0.1738,1.7250,6.9524,7.3000,3.8421,3.7480,0.5391,0.2564,4.2734,1.2293,0.6301,2.0885,0.6008,0.3040,0.8534,0.4947,2.2308,0.2752,0.2088,38,0.0286,0.3092,0.5238,0.3810,0.0952,-7,-0.0167,-0.0654,-0.6667,-0.7000,-0.3684,-0.1052,0.0334,0.0081,-0.2501,0.0419,0.0159,0.0241,0.0589,0.0278,-0.1030,-0.0394,-0.3277,-0.0511,-0.0373,-14,-0.0105,-0.0296,0,0,0,72,1,8,339,0.9000,0.9971,0.0029,0.1000,0.9863,0.9000,0.9412,0.9296,0.8971,0.8889,9,16,0,5,3,5
44,WLNM_dir_neg_kfold,0.8125,0.7540,00:00:01,10,80,4,15349,fixed,0.5000,1,0.5625,0.7200,9,0,7,32,0.5625,1,0,0.4375,1,0.5625,0.7200,0.8542,0.6042,0.6316,0.6794,0.5625,85,69,16,0,85,0,69,0,16,21,80,0.1905,1.7904,7.6190,8,4.2105,3.8533,0.5057,0.2482,4.5235,1.1874,0.6143,2.0644,0.5419,0.2762,0.9564,0.5342,2.5584,0.3263,0.2461,52,0.0391,0.3388,0.5238,0.3810,0.0952,21,73,0.1738,1.7405,6.9524,7.3000,3.8421,3.8791,0.5580,0.2668,4.2734,1.2293,0.6301,2.1123,0.6077,0.3170,0.8755,0.5030,2.2821,0.3086,0.2266,42,0.0316,0.3160,0.5238,0.3810,0.0952,-7,-0.0167,-0.0499,-0.6667,-0.7000,-0.3684,0.0259,0.0522,0.0186,-0.2501,0.0419,0.0159,0.0479,0.0657,0.0408,-0.0808,-0.0311,-0.2764,-0.0177,-0.0194,-10,-0.0075,-0.0228,0,0,0,73,0,7,340,0.9125,1,0,0.0875,1,0.9125,0.9542,0.9456,0.9125,0.9125,9,16,0,5,3,5
45,WLNM_dir_neg_kfold,0.7617,0.5613,00:00:01,10,80,5,15350,fixed,0.5000,0.7273,0.5000,0.5926,8,3,8,29,0.5000,0.9062,0.0938,0.5000,0.7273,0.5000,0.5926,0.7708,0.5903,0.4407,0.4556,0.4062,85,69,16,0,85,0,69,0,16,21,80,0.1905,1.7904,7.6190,8,4.2105,3.8533,0.5057,0.2482,4.5235,1.1874,0.6143,2.0644,0.5419,0.2762,0.9564,0.5342,2.5584,0.3263,0.2461,52,0.0391,0.3388,0.5238,0.3810,0.0952,21,75,0.1786,1.9470,7.1429,6.8182,3.9474,3.9024,0.5463,0.2641,4.2845,1.1997,0.6210,2.2039,0.6171,0.3200,0.9903,0.5086,2.4889,0.2780,0.2139,40,0.0301,0.2797,0.4762,0.4286,0.0952,-5,-0.0119,0.1566,-0.4762,-1.1818,-0.2632,0.0491,0.0406,0.0159,-0.2390,0.0123,0.0067,0.1395,0.0752,0.0438,0.0339,-0.0255,-0.0696,-0.0483,-0.0322,-12,-0.0090,-0.0591,-0.0476,0.0476,0,72,3,8,337,0.9000,0.9912,0.0088,0.1000,0.9600,0.9000,0.9290,0.9137,0.8912,0.8675,11,16,0,5,3,5
46,WLNM_dir_neg_kfold,0.6758,0.4855,00:00:01,10,80,6,15351,fixed,0.5000,0.5714,0.5000,0.5333,8,6,8,26,0.5000,0.8125,0.1875,0.5000,0.5714,0.5000,0.5333,0.7083,0.5694,0.3226,0.3241,0.3125,85,69,16,0,85,0,69,0,16,21,80,0.1905,1.7904,7.6190,8,4.2105,3.8533,0.5057,0.2482,4.5235,1.1874,0.6143,2.0644,0.5419,0.2762,0.9564,0.5342,2.5584,0.3263,0.2461,52,0.0391,0.3388,0.5238,0.3810,0.0952,21,78,0.1857,1.8488,7.4286,7.0909,4.1053,3.8932,0.5241,0.2527,4.5513,1.2253,0.6325,2.1941,0.5907,0.3065,0.9329,0.5046,2.4764,0.2825,0.2165,42,0.0316,0.2595,0.4762,0.4286,0.0952,-2,-0.0048,0.0584,-0.1905,-0.9091,-0.1053,0.0400,0.0183,0.0045,0.0278,0.0379,0.0182,0.1297,0.0488,0.0303,-0.0234,-0.0295,-0.0821,-0.0438,-0.0296,-10,-0.0075,-0.0793,-0.0476,0.0476,0,72,6,8,334,0.9000,0.9824,0.0176,0.1000,0.9231,0.9000,0.9114,0.8910,0.8824,0.8372,14,16,0,5,3,5
47,WLNM_dir_neg_kfold,0.8887,0.6762,00:00:01,10,80,7,15352,fixed,0.5000,0.8000,0.5000,0.6154,8,2,8,30,0.5000,0.9375,0.0625,0.5000,0.8000,0.5000,0.6154,0.7917,0.5972,0.4828,0.5078,0.4375,85,69,16,0,85,0,69,0,16,21,80,0.1905,1.7904,7.6190,8,4.2105,3.8533,0.5057,0.2482,4.5235,1.1874,0.6143,2.0644,0.5419,0.2762,0.9564,0.5342,2.5584,0.3263,0.2461,52,0.0391,0.3388,0.5238,0.3810,0.0952,21,74,0.1762,1.7466,7.0476,7.4000,3.8947,3.6943,0.5242,0.2568,4.4229,1.2551,0.6384,2.1359,0.6061,0.3115,0.8791,0.5033,2.2923,0.2721,0.2043,38,0.0286,0.3111,0.5238,0.3810,0.0952,-6,-0.0143,-0.0438,-0.5714,-0.6000,-0.3158,-0.1590,0.0184,0.0085,-0.1006,0.0677,0.0241,0.0714,0.0642,0.0353,-0.0773,-0.0308,-0.2661,-0.0543,-0.0418,-14,-0.0105,-0.0277,0,0,0,72,2,8,338,0.9000,0.9941,0.0059,0.1000,0.9730,0.9000,0.9351,0.9216,0.8941,0.8780,10,16,0,5,3,5
48,WLNM_dir_neg_kfold,0.8027,0.6593,00:00:01,10,80,8,15353,fixed,0.5000,0.6667,0.5000,0.5714,8,4,8,28,0.5000,0.8750,0.1250,0.5000,0.6667,0.5000,0.5714,0.7500,0.5833,0.4000,0.4082,0.3750,85,69,16,0,85,0,69,0,16,21,80,0.1905,1.7904,7.6190,8,4.2105,3.8533,0.5057,0.2482,4.5235,1.1874,0.6143,2.0644,0.5419,0.2762,0.9564,0.5342,2.5584,0.3263,0.2461,52,0.0391,0.3388,0.5238,0.3810,0.0952,21,76,0.1810,1.8209,7.2381,6.9091,4,3.6593,0.5056,0.2550,4.3758,1.2091,0.6253,2.2243,0.6146,0.3221,0.8872,0.4872,2.4209,0.3047,0.2530,49,0.0368,0.2713,0.4762,0.4286,0.0952,-4,-0.0095,0.0305,-0.3810,-1.0909,-0.2105,-0.1940,-0.0002,0.0068,-0.1477,0.0217,0.0110,0.1599,0.0727,0.0459,-0.0692,-0.0469,-0.1376,-0.0216,0.0070,-3,-0.0023,-0.0675,-0.0476,0.0476,0,72,4,8,336,0.9000,0.9882,0.0118,0.1000,0.9474,0.9000,0.9231,0.9060,0.8882,0.8571,12,16,0,5,3,5
49,WLNM_dir_neg_kfold,0.7510,0.5369,00:00:01,10,80,9,15354,fixed,0.5000,0.6667,0.5000,0.5714,8,4,8,28,0.5000,0.8750,0.1250,0.5000,0.6667,0.5000,0.5714,0.7500,0.5833,0.4000,0.4082,0.3750,85,69,16,0,85,0,69,0,16,21,80,0.1905,1.7904,7.6190,8,4.2105,3.8533,0.5057,0.2482,4.5235,1.1874,0.6143,2.0644,0.5419,0.2762,0.9564,0.5342,2.5584,0.3263,0.2461,52,0.0391,0.3388,0.5238,0.3810,0.0952,21,76,0.1810,1.9153,7.2381,6.9091,3.8000,3.8328,0.5295,0.2600,4.2951,1.1868,0.6165,2.1325,0.5892,0.3120,0.9840,0.5137,2.6544,0.3013,0.2300,45,0.0338,0.2700,0.4762,0.4762,0.0476,-4,-0.0095,0.1249,-0.3810,-1.0909,-0.4105,-0.0204,0.0238,0.0118,-0.2284,-0.0006,0.0023,0.0681,0.0473,0.0358,0.0276,-0.0204,0.0960,-0.0251,-0.0161,-7,-0.0053,-0.0688,-0.0476,0.0952,-0.0476,72,4,8,336,0.9000,0.9882,0.0118,0.1000,0.9474,0.9000,0.9231,0.9060,0.8882,0.8571,12,16,0,5,3,5
50,WLNM_dir_neg_kfold,0.9023,0.7678,00:00:01,10,80,10,15355,fixed,0.5000,0.7778,0.4375,0.5600,7,2,9,30,0.4375,0.9375,0.0625,0.5625,0.7778,0.4375,0.5600,0.7708,0.6042,0.4211,0.4529,0.3750,85,69,16,0,85,0,69,0,16,21,80,0.1905,1.7904,7.6190,8,4.2105,3.8533,0.5057,0.2482,4.5235,1.1874,0.6143,2.0644,0.5419,0.2762,0.9564,0.5342,2.5584,0.3263,0.2461,52,0.0391,0.3388,0.5238,0.3810,0.0952,21,73,0.1738,1.7397,6.9524,7.3000,3.8421,3.6397,0.5235,0.2531,4.2499,1.2226,0.6288,2.0885,0.6008,0.3040,0.8760,0.5035,2.2434,0.2985,0.2179,39,0.0293,0.3049,0.5238,0.3810,0.0952,-7,-0.0167,-0.0507,-0.6667,-0.7000,-0.3684,-0.2135,0.0178,0.0049,-0.2736,0.0352,0.0145,0.0241,0.0589,0.0278,-0.0803,-0.0306,-0.3151,-0.0279,-0.0282,-13,-0.0098,-0.0339,0,0,0,71,2,9,338,0.8875,0.9941,0.0059,0.1125,0.9726,0.8875,0.9281,0.9136,0.8816,0.8659,9,16,0,5,3,5
51,WLNM_dir_neg_kfold,0.8633,0.7389,00:00:01,10,80,11,15356,fixed,0.5000,0.8750,0.4375,0.5833,7,1,9,31,0.4375,0.9688,0.0312,0.5625,0.8750,0.4375,0.5833,0.7917,0.6111,0.4643,0.5139,0.4062,85,69,16,0,85,0,69,0,16,21,80,0.1905,1.7904,7.6190,8,4.2105,3.8533,0.5057,0.2482,4.5235,1.1874,0.6143,2.0644,0.5419,0.2762,0.9564,0.5342,2.5584,0.3263,0.2461,52,0.0391,0.3388,0.5238,0.3810,0.0952,21,72,0.1714,1.8061,6.8571,6.5455,4,3.5537,0.5182,0.2407,4.1662,1.2151,0.6270,2.1580,0.6294,0.3188,0.8726,0.4832,2.3131,0.2509,0.1900,33,0.0248,0.2700,0.4762,0.3810,0.1429,-8,-0.0190,0.0157,-0.7619,-1.4545,-0.2105,-0.2996,0.0125,-0.0075,-0.3573,0.0277,0.0127,0.0936,0.0875,0.0426,-0.0837,-0.0510,-0.2453,-0.0754,-0.0560,-19,-0.0143,-0.0688,-0.0476,0,0.0476,71,1,9,339,0.8875,0.9971,0.0029,0.1125,0.9861,0.8875,0.9342,0.9216,0.8846,0.8765,8,16,0,5,3,5
52,WLNM_dir_neg_kfold,0.8848,0.7752,00:00:01,10,80,12,15357,fixed,0.5000,0.8000,0.5000,0.6154,8,2,8,30,0.5000,0.9375,0.0625,0.5000,0.8000,0.5000,0.6154,0.7917,0.5972,0.4828,0.5078,0.4375,85,69,16,0,85,0,69,0,16,21,80,0.1905,1.7904,7.6190,8,4.2105,3.8533,0.5057,0.2482,4.5235,1.1874,0.6143,2.0644,0.5419,0.2762,0.9564,0.5342,2.5584,0.3263,0.2461,52,0.0391,0.3388,0.5238,0.3810,0.0952,21,74,0.1762,1.7914,7.0476,7.4000,3.7000,3.9048,0.5541,0.2761,4.2851,1.2160,0.6255,1.9905,0.5649,0.2986,0.9573,0.5344,2.5525,0.3608,0.2531,48,0.0361,0.2944,0.5238,0.4286,0.0476,-6,-0.0143,0.0010,-0.5714,-0.6000,-0.5105,0.0516,0.0483,0.0278,-0.2384,0.0286,0.0112,-0.0740,0.0229,0.0224,0.0010,0.0002,-0.0059,0.0345,0.0070,-4,-0.0030,-0.0444,0,0.0476,-0.0476,72,2,8,338,0.9000,0.9941,0.0059,0.1000,0.9730,0.9000,0.9351,0.9216,0.8941,0.8780,10,16,0,5,3,5
53,WLNM_dir_neg_kfold,0.8145,0.7097,00:00:01,10,80,13,15358,fixed,0.5000,1,0.5000,0.6667,8,0,8,32,0.5000,1,0,0.5000,1,0.5000,0.6667,0.8333,0.6111,0.5714,0.6325,0.5000,85,69,16,0,85,0,69,0,16,21,80,0.1905,1.7904,7.6190,8,4.2105,3.8533,0.5057,0.2482,4.5235,1.1874,0.6143,2.0644,0.5419,0.2762,0.9564,0.5342,2.5584,0.3263,0.2461,52,0.0391,0.3388,0.5238,0.3810,0.0952,21,72,0.1714,1.7377,6.8571,7.2000,3.7895,3.7187,0.5423,0.2599,4.2376,1.2360,0.6336,2.0633,0.6018,0.3095,0.8714,0.5015,2.2727,0.2727,0.2026,36,0.0271,0.3050,0.5238,0.3810,0.0952,-8,-0.0190,-0.0527,-0.7619,-0.8000,-0.4211,-0.1346,0.0366,0.0117,-0.2859,0.0485,0.0193,-0.0012,0.0599,0.0333,-0.0849,-0.0327,-0.2857,-0.0537,-0.0434,-16,-0.0120,-0.0338,0,0,0,72,0,8,340,0.9000,1,0,0.1000,1,0.9000,0.9474,0.9377,0.9000,0.9000,8,16,0,5,3,5
54,WLNM_dir_neg_kfold,0.8496,0.6632,00:00:01,10,80,14,15359,fixed,0.5000,0.7778,0.4375,0.5600,7,2,9,30,0.4375,0.9375,0.0625,0.5625,0.7778,0.4375,0.5600,0.7708,0.6042,0.4211,0.4529,0.3750,85,69,16,0,85,0,69,0,16,21,80,0.1905,1.7904,7.6190,8,4.2105,3.8533,0.5057,0.2482,4.5235,1.1874,0.6143,2.0644,0.5419,0.2762,0.9564,0.5342,2.5584,0.3263,0.2461,52,0.0391,0.3388,0.5238,0.3810,0.0952,21,73,0.1738,1.7523,6.9524,7.3000,3.8421,3.9048,0.5617,0.2746,4.3888,1.2625,0.6406,2.0644,0.5939,0.3144,0.8908,0.5084,2.2468,0.2996,0.2151,40,0.0301,0.3018,0.5238,0.3810,0.0952,-7,-0.0167,-0.0381,-0.6667,-0.7000,-0.3684,0.0516,0.0559,0.0264,-0.1346,0.0751,0.0263,0,0.0520,0.0382,-0.0655,-0.0258,-0.3117,-0.0267,-0.0310,-12,-0.0090,-0.0370,0,0,0,71,2,9,338,0.8875,0.9941,0.0059,0.1125,0.9726,0.8875,0.9281,0.9136,0.8816,0.8659,9,16,0,5,3,5
55,WLNM_dir_neg_kfold,0.8223,0.6080,00:00:01,10,80,15,15360,fixed,0.5000,0.8750,0.4375,0.5833,7,1,9,31,0.4375,0.9688,0.0312,0.5625,0.8750,0.4375,0.5833,0.7917,0.6111,0.4643,0.5139,0.4062,85,69,16,0,85,0,69,0,16,21,80,0.1905,1.7904,7.6190,8,4.2105,3.8533,0.5057,0.2482,4.5235,1.1874,0.6143,2.0644,0.5419,0.2762,0.9564,0.5342,2.5584,0.3263,0.2461,52,0.0391,0.3388,0.5238,0.3810,0.0952,21,72,0.1714,1.7289,6.8571,7.2000,4,3.6095,0.5264,0.2566,4.2376,1.2360,0.6336,2.1811,0.6362,0.3320,0.8568,0.4956,2.2727,0.2788,0.2057,36,0.0271,0.3127,0.5238,0.3333,0.1429,-8,-0.0190,-0.0615,-0.7619,-0.8000,-0.2105,-0.2437,0.0206,0.0084,-0.2859,0.0485,0.0193,0.1166,0.0942,0.0558,-0.0996,-0.0386,-0.2857,-0.0475,-0.0403,-16,-0.0120,-0.0261,0,-0.0476,0.0476,71,1,9,339,0.8875,0.9971,0.0029,0.1125,0.9861,0.8875,0.9342,0.9216,0.8846,0.8765,8,16,0,5,3,5
56,WLNM_dir_neg_kfold,0.8203,0.5963,00:00:01,10,80,16,15361,fixed,0.5000,0.4286,0.1875,0.2609,3,4,13,28,0.1875,0.8750,0.1250,0.8125,0.4286,0.1875,0.2609,0.6458,0.6181,0.0727,0.0835,0.0625,85,69,16,0,85,0,69,0,16,21,80,0.1905,1.7904,7.6190,8,4.2105,3.8533,0.5057,0.2482,4.5235,1.1874,0.6143,2.0644,0.5419,0.2762,0.9564,0.5342,2.5584,0.3263,0.2461,52,0.0391,0.3388,0.5238,0.3810,0.0952,21,71,0.1690,2.2798,6.7619,5.9167,3.9444,3.8975,0.5764,0.2837,3.9809,1.1775,0.6103,2.3125,0.6840,0.3756,1.2395,0.5437,3.6923,0.3903,0.2645,44,0.0331,0.2385,0.4286,0.4286,0.1429,-9,-0.0214,0.4894,-0.8571,-2.0833,-0.2661,0.0442,0.0706,0.0355,-0.5426,-0.0100,-0.0040,0.2481,0.1421,0.0994,0.2832,0.0096,1.1339,0.0640,0.0185,-8,-0.0060,-0.1003,-0.0952,0.0476,0.0476,67,4,13,336,0.8375,0.9882,0.0118,0.1625,0.9437,0.8375,0.8874,0.8651,0.8257,0.7976,7,16,0,5,3,5
57,WLNM_dir_neg_kfold,0.7676,0.6666,00:00:01,10,80,17,15362,fixed,0.5000,0.8750,0.4375,0.5833,7,1,9,31,0.4375,0.9688,0.0312,0.5625,0.8750,0.4375,0.5833,0.7917,0.6111,0.4643,0.5139,0.4062,85,69,16,0,85,0,69,0,16,21,80,0.1905,1.7904,7.6190,8,4.2105,3.8533,0.5057,0.2482,4.5235,1.1874,0.6143,2.0644,0.5419,0.2762,0.9564,0.5342,2.5584,0.3263,0.2461,52,0.0391,0.3388,0.5238,0.3810,0.0952,21,72,0.1714,1.7193,6.8571,7.2000,4,3.5677,0.5203,0.2421,4.2020,1.2256,0.6283,2.1580,0.6294,0.3188,0.8399,0.4885,2.1288,0.2697,0.2011,35,0.0263,0.3287,0.5238,0.3333,0.1429,-8,-0.0190,-0.0711,-0.7619,-0.8000,-0.2105,-0.2855,0.0146,-0.0062,-0.3214,0.0382,0.0140,0.0936,0.0875,0.0426,-0.1165,-0.0456,-0.4297,-0.0567,-0.0449,-17,-0.0128,-0.0101,0,-0.0476,0.0476,71,1,9,339,0.8875,0.9971,0.0029,0.1125,0.9861,0.8875,0.9342,0.9216,0.8846,0.8765,8,16,0,5,3,5
58,WLNM_dir_neg_kfold,0.8301,0.7370,00:00:01,10,80,18,15363,fixed,0.5000,0.7273,0.5000,0.5926,8,3,8,29,0.5000,0.9062,0.0938,0.5000,0.7273,0.5000,0.5926,0.7708,0.5903,0.4407,0.4556,0.4062,85,69,16,0,85,0,69,0,16,21,80,0.1905,1.7904,7.6190,8,4.2105,3.8533,0.5057,0.2482,4.5235,1.1874,0.6143,2.0644,0.5419,0.2762,0.9564,0.5342,2.5584,0.3263,0.2461,52,0.0391,0.3388,0.5238,0.3810,0.0952,21,75,0.1786,1.7538,7.1429,7.5000,4.1667,3.9533,0.5535,0.2590,4.4110,1.2351,0.6324,2.2265,0.6234,0.3251,0.8947,0.5101,2.4519,0.3681,0.2709,53,0.0398,0.3215,0.5238,0.3333,0.1429,-5,-0.0119,-0.0366,-0.4762,-0.5000,-0.0439,0.1000,0.0477,0.0108,-0.1125,0.0477,0.0181,0.1620,0.0815,0.0489,-0.0617,-0.0240,-0.1065,0.0417,0.0248,1,0.0008,-0.0173,0,-0.0476,0.0476,72,3,8,337,0.9000,0.9912,0.0088,0.1000,0.9600,0.9000,0.9290,0.9137,0.8912,0.8675,11,16,0,5,3,5
59,WLNM_dir_neg_kfold,0.7129,0.5584,00:00:01,10,80,19,15364,fixed,0.5000,0.8750,0.4375,0.5833,7,1,9,31,0.4375,0.9688,0.0312,0.5625,0.8750,0.4375,0.5833,0.7917,0.6111,0.4643,0.5139,0.4062,85,69,16,0,85,0,69,0,16,21,80,0.1905,1.7904,7.6190,8,4.2105,3.8533,0.5057,0.2482,4.5235,1.1874,0.6143,2.0644,0.5419,0.2762,0.9564,0.5342,2.5584,0.3263,0.2461,52,0.0391,0.3388,0.5238,0.3810,0.0952,21,72,0.1714,1.7244,6.8571,7.2000,4,3.5956,0.5244,0.2553,4.2139,1.2291,0.6310,2.1811,0.6362,0.3320,0.8527,0.4945,2.2613,0.2818,0.2065,36,0.0271,0.3109,0.5238,0.3333,0.1429,-8,-0.0190,-0.0660,-0.7619,-0.8000,-0.2105,-0.2576,0.0186,0.0071,-0.3096,0.0416,0.0167,0.1166,0.0942,0.0558,-0.1037,-0.0397,-0.2972,-0.0446,-0.0396,-16,-0.0120,-0.0279,0,-0.0476,0.0476,71,1,9,339,0.8875,0.9971,0.0029,0.1125,0.9861,0.8875,0.9342,0.9216,0.8846,0.8765,8,16,0,5,3,5
60,WLNM_dir_neg_kfold,0.8574,0.7351,00:00:01,10,80,20,15365,fixed,0.5000,0.8889,0.5000,0.6400,8,1,8,31,0.5000,0.9688,0.0312,0.5000,0.8889,0.5000,0.6400,0.8125,0.6042,0.5263,0.5661,0.4688,85,69,16,0,85,0,69,0,16,21,80,0.1905,1.7904,7.6190,8,4.2105,3.8533,0.5057,0.2482,4.5235,1.1874,0.6143,2.0644,0.5419,0.2762,0.9564,0.5342,2.5584,0.3263,0.2461,52,0.0391,0.3388,0.5238,0.3810,0.0952,21,73,0.1738,1.7365,6.9524,7.3000,3.6500,3.7347,0.5372,0.2622,4.2851,1.2327,0.6327,1.9905,0.5726,0.2935,0.8694,0.5006,2.2727,0.2681,0.1974,36,0.0271,0.3000,0.5238,0.4286,0.0476,-7,-0.0167,-0.0539,-0.6667,-0.7000,-0.5605,-0.1186,0.0314,0.0140,-0.2384,0.0453,0.0185,-0.0740,0.0307,0.0174,-0.0870,-0.0335,-0.2857,-0.0582,-0.0486,-16,-0.0120,-0.0387,0,0.0476,-0.0476,72,1,8,339,0.9000,0.9971,0.0029,0.1000,0.9863,0.9000,0.9412,0.9296,0.8971,0.8889,9,16,0,5,3,5
61,WLNM_dir_neg_kfold,0.7363,0.4792,00:00:01,10,80,1,16346,fixed,0.5000,0.6667,0.3750,0.4800,6,3,10,29,0.3750,0.9062,0.0938,0.6250,0.6667,0.3750,0.4800,0.7292,0.6042,0.3158,0.3397,0.2812,85,69,16,0,85,0,69,0,16,21,80,0.1905,1.7904,7.6190,8,4.2105,3.8533,0.5057,0.2482,4.5235,1.1874,0.6143,2.0644,0.5419,0.2762,0.9564,0.5342,2.5584,0.3263,0.2461,52,0.0391,0.3388,0.5238,0.3810,0.0952,21,73,0.1738,1.8338,6.9524,7.3000,4.0556,3.6671,0.5275,0.2668,3.9952,1.1493,0.5975,1.8061,0.5196,0.2622,1.0134,0.5526,2.6973,0.1960,0.1625,26,0.0195,0.2916,0.5238,0.3333,0.1429,-7,-0.0167,0.0434,-0.6667,-0.7000,-0.1550,-0.1862,0.0217,0.0186,-0.5282,-0.0381,-0.0168,-0.2584,-0.0224,-0.0140,0.0570,0.0185,0.1388,-0.1304,-0.0836,-26,-0.0195,-0.0471,0,-0.0476,0.0476,70,3,10,337,0.8750,0.9912,0.0088,0.1250,0.9589,0.8750,0.9150,0.8976,0.8662,0.8434,9,16,0,5,4,5
62,WLNM_dir_neg_kfold,0.7832,0.5709,00:00:01,10,80,2,16347,fixed,0.5000,0.6364,0.4375,0.5185,7,4,9,28,0.4375,0.8750,0.1250,0.5625,0.6364,0.4375,0.5185,0.7292,0.5903,0.3390,0.3505,0.3125,85,69,16,0,85,0,69,0,16,21,80,0.1905,1.7904,7.6190,8,4.2105,3.8533,0.5057,0.2482,4.5235,1.1874,0.6143,2.0644,0.5419,0.2762,0.9564,0.5342,2.5584,0.3263,0.2461,52,0.0391,0.3388,0.5238,0.3810,0.0952,21,75,0.1786,1.8110,7.1429,7.5000,3.7500,3.5396,0.4955,0.2571,4.0935,1.1462,0.5956,1.8323,0.5130,0.2730,0.9772,0.5396,2.5923,0.2324,0.1959,35,0.0263,0.2927,0.5238,0.4286,0.0476,-5,-0.0119,0.0206,-0.4762,-0.5000,-0.4605,-0.3137,-0.0102,0.0089,-0.4299,-0.0412,-0.0187,-0.2322,-0.0289,-0.0032,0.0208,0.0054,0.0338,-0.0939,-0.0502,-17,-0.0128,-0.0461,0,0.0476,-0.0476,71,4,9,336,0.8875,0.9882,0.0118,0.1125,0.9467,0.8875,0.9161,0.8979,0.8757,0.8452,11,16,0,5,4,5
63,WLNM_dir_neg_kfold,0.8496,0.6200,00:00:01,10,80,3,16348,fixed,0.5000,0.6364,0.4375,0.5185,7,4,9,28,0.4375,0.8750,0.1250,0.5625,0.6364,0.4375,0.5185,0.7292,0.5903,0.3390,0.3505,0.3125,85,69,16,0,85,0,69,0,16,21,80,0.1905,1.7904,7.6190,8,4.2105,3.8533,0.5057,0.2482,4.5235,1.1874,0.6143,2.0644,0.5419,0.2762,0.9564,0.5342,2.5584,0.3263,0.2461,52,0.0391,0.3388,0.5238,0.3810,0.0952,21,75,0.1786,1.8005,7.1429,7.5000,3.9474,3.4538,0.4835,0.2483,4.0935,1.1462,0.5956,1.8323,0.5130,0.2679,0.9673,0.5372,2.6421,0.2572,0.2071,37,0.0278,0.2912,0.5238,0.3810,0.0952,-5,-0.0119,0.0101,-0.4762,-0.5000,-0.2632,-0.3995,-0.0222,0.0000,-0.4299,-0.0412,-0.0187,-0.2322,-0.0289,-0.0083,0.0109,0.0031,0.0836,-0.0692,-0.0390,-15,-0.0113,-0.0476,0,0,0,71,4,9,336,0.8875,0.9882,0.0118,0.1125,0.9467,0.8875,0.9161,0.8979,0.8757,0.8452,11,16,0,5,4,5
64,WLNM_dir_neg_kfold,0.7559,0.6640,00:00:01,10,80,4,16349,fixed,0.5000,1,0.1875,0.3158,3,0,13,32,0.1875,1,0,0.8125,1,0.1875,0.3158,0.7292,0.6458,0.2353,0.3651,0.1875,85,69,16,0,85,0,69,0,16,21,80,0.1905,1.7904,7.6190,8,4.2105,3.8533,0.5057,0.2482,4.5235,1.1874,0.6143,2.0644,0.5419,0.2762,0.9564,0.5342,2.5584,0.3263,0.2461,52,0.0391,0.3388,0.5238,0.3810,0.0952,21,67,0.1595,1.8069,6.3810,6.7000,3.7222,3.1381,0.4918,0.2594,3.6279,1.1371,0.5913,1.8606,0.5832,0.3156,0.9835,0.5443,2.6123,0.2031,0.1799,25,0.0188,0.2778,0.5238,0.3333,0.1429,-13,-0.0310,0.0165,-1.2381,-1.3000,-0.4883,-0.7152,-0.0140,0.0112,-0.8955,-0.0503,-0.0230,-0.2038,0.0413,0.0394,0.0272,0.0102,0.0538,-0.1233,-0.0662,-27,-0.0203,-0.0610,0,-0.0476,0.0476,67,0,13,340,0.8375,1,0,0.1625,1,0.8375,0.9116,0.8981,0.8375,0.8375,3,16,0,5,4,5
65,WLNM_dir_neg_kfold,0.8789,0.7793,00:00:01,10,80,5,16350,fixed,0.5000,0.8750,0.4375,0.5833,7,1,9,31,0.4375,0.9688,0.0312,0.5625,0.8750,0.4375,0.5833,0.7917,0.6111,0.4643,0.5139,0.4062,85,69,16,0,85,0,69,0,16,21,80,0.1905,1.7904,7.6190,8,4.2105,3.8533,0.5057,0.2482,4.5235,1.1874,0.6143,2.0644,0.5419,0.2762,0.9564,0.5342,2.5584,0.3263,0.2461,52,0.0391,0.3388,0.5238,0.3810,0.0952,21,72,0.1714,1.7978,6.8571,7.2000,4,3.2754,0.4777,0.2427,3.9443,1.1504,0.5979,1.9383,0.5653,0.2950,0.9696,0.5393,2.6123,0.2096,0.1663,27,0.0203,0.3012,0.5238,0.3333,0.1429,-8,-0.0190,0.0074,-0.7619,-0.8000,-0.2105,-0.5778,-0.0281,-0.0055,-0.5792,-0.0370,-0.0164,-0.1261,0.0234,0.0188,0.0132,0.0051,0.0538,-0.1167,-0.0797,-25,-0.0188,-0.0376,0,-0.0476,0.0476,71,1,9,339,0.8875,0.9971,0.0029,0.1125,0.9861,0.8875,0.9342,0.9216,0.8846,0.8765,8,16,0,5,4,5
66,WLNM_dir_neg_kfold,0.8047,0.7154,00:00:01,10,80,6,16351,fixed,0.5000,0.8750,0.4375,0.5833,7,1,9,31,0.4375,0.9688,0.0312,0.5625,0.8750,0.4375,0.5833,0.7917,0.6111,0.4643,0.5139,0.4062,85,69,16,0,85,0,69,0,16,21,80,0.1905,1.7904,7.6190,8,4.2105,3.8533,0.5057,0.2482,4.5235,1.1874,0.6143,2.0644,0.5419,0.2762,0.9564,0.5342,2.5584,0.3263,0.2461,52,0.0391,0.3388,0.5238,0.3810,0.0952,21,72,0.1714,1.8017,6.8571,7.2000,4,3.3509,0.4887,0.2500,3.9188,1.1430,0.5926,1.8593,0.5423,0.2831,0.9742,0.5407,2.5387,0.2007,0.1650,27,0.0203,0.2989,0.5238,0.3333,0.1429,-8,-0.0190,0.0113,-0.7619,-0.8000,-0.2105,-0.5024,-0.0171,0.0018,-0.6047,-0.0444,-0.0217,-0.2051,0.0004,0.0069,0.0178,0.0065,-0.0198,-0.1257,-0.0811,-25,-0.0188,-0.0399,0,-0.0476,0.0476,71,1,9,339,0.8875,0.9971,0.0029,0.1125,0.9861,0.8875,0.9342,0.9216,0.8846,0.8765,8,16,0,5,4,5
67,WLNM_dir_neg_kfold,0.7559,0.6964,00:00:01,10,80,7,16352,fixed,0.5000,0.8750,0.4375,0.5833,7,1,9,31,0.4375,0.9688,0.0312,0.5625,0.8750,0.4375,0.5833,0.7917,0.6111,0.4643,0.5139,0.4062,85,69,16,0,85,0,69,0,16,21,80,0.1905,1.7904,7.6190,8,4.2105,3.8533,0.5057,0.2482,4.5235,1.1874,0.6143,2.0644,0.5419,0.2762,0.9564,0.5342,2.5584,0.3263,0.2461,52,0.0391,0.3388,0.5238,0.3810,0.0952,21,72,0.1714,1.7852,6.8571,7.2000,4,3.3360,0.4865,0.2480,3.9316,1.1467,0.5952,1.9893,0.5802,0.3042,0.9490,0.5316,2.5385,0.2050,0.1718,28,0.0211,0.3062,0.5238,0.3333,0.1429,-8,-0.0190,-0.0052,-0.7619,-0.8000,-0.2105,-0.5173,-0.0192,-0.0002,-0.5919,-0.0407,-0.0190,-0.0752,0.0383,0.0280,-0.0074,-0.0026,-0.0200,-0.1213,-0.0743,-24,-0.0180,-0.0326,0,-0.0476,0.0476,71,1,9,339,0.8875,0.9971,0.0029,0.1125,0.9861,0.8875,0.9342,0.9216,0.8846,0.8765,8,16,0,5,4,5
68,WLNM_dir_neg_kfold,0.7617,0.5441,00:00:01,10,80,8,16353,fixed,0.5000,0.5000,0.2500,0.3333,4,4,12,28,0.2500,0.8750,0.1250,0.7500,0.5000,0.2500,0.3333,0.6667,0.6111,0.1429,0.1581,0.1250,85,69,16,0,85,0,69,0,16,21,80,0.1905,1.7904,7.6190,8,4.2105,3.8533,0.5057,0.2482,4.5235,1.1874,0.6143,2.0644,0.5419,0.2762,0.9564,0.5342,2.5584,0.3263,0.2461,52,0.0391,0.3388,0.5238,0.3810,0.0952,21,72,0.1714,1.9857,6.8571,6.5455,4,3.2601,0.4754,0.2566,3.9443,1.1504,0.6019,1.9640,0.5728,0.3069,1.0979,0.5529,2.9136,0.1827,0.1606,25,0.0188,0.2463,0.4762,0.3810,0.1429,-8,-0.0190,0.1953,-0.7619,-1.4545,-0.2105,-0.5931,-0.0303,0.0084,-0.5792,-0.0370,-0.0124,-0.1005,0.0309,0.0307,0.1415,0.0187,0.3551,-0.1437,-0.0855,-27,-0.0203,-0.0925,-0.0476,0,0.0476,68,4,12,336,0.8500,0.9882,0.0118,0.1500,0.9444,0.8500,0.8947,0.8734,0.8382,0.8095,8,16,0,5,4,5
69,WLNM_dir_neg_kfold,0.7344,0.4830,00:00:01,10,80,9,16354,fixed,0.5000,0.2000,0.0625,0.0952,1,4,15,28,0.0625,0.8750,0.1250,0.9375,0.2000,0.0625,0.0952,0.6042,0.6319,-0.0755,-0.0964,-0.0625,85,69,16,0,85,0,69,0,16,21,80,0.1905,1.7904,7.6190,8,4.2105,3.8533,0.5057,0.2482,4.5235,1.1874,0.6143,2.0644,0.5419,0.2762,0.9564,0.5342,2.5584,0.3263,0.2461,52,0.0391,0.3388,0.5238,0.3810,0.0952,21,69,0.1643,2.0571,6.5714,6.2727,3.8333,3.3252,0.5060,0.2692,3.5936,1.0937,0.5728,1.9011,0.5786,0.3161,1.1340,0.5513,2.9605,0.1966,0.1953,28,0.0211,0.2413,0.4762,0.3810,0.1429,-11,-0.0262,0.2667,-1.0476,-1.7273,-0.3772,-0.5280,0.0003,0.0209,-0.9298,-0.0937,-0.0415,-0.1633,0.0367,0.0399,0.1777,0.0171,0.4020,-0.1297,-0.0507,-24,-0.0180,-0.0975,-0.0476,0,0.0476,65,4,15,336,0.8125,0.9882,0.0118,0.1875,0.9420,0.8125,0.8725,0.8486,0.8007,0.7738,5,16,0,5,4,5
70,WLNM_dir_neg_kfold,0.8027,0.5641,00:00:01,10,80,10,16355,fixed,0.5000,0.6000,0.1875,0.2857,3,2,13,30,0.1875,0.9375,0.0625,0.8125,0.6000,0.1875,0.2857,0.6875,0.6319,0.1509,0.1929,0.1250,85,69,16,0,85,0,69,0,16,21,80,0.1905,1.7904,7.6190,8,4.2105,3.8533,0.5057,0.2482,4.5235,1.1874,0.6143,2.0644,0.5419,0.2762,0.9564,0.5342,2.5584,0.3263,0.2461,52,0.0391,0.3388,0.5238,0.3810,0.0952,21,69,0.1643,1.7743,6.5714,6.9000,3.8333,3.0752,0.4680,0.2505,3.6898,1.1230,0.5825,1.9272,0.5866,0.3161,0.9283,0.5232,2.2727,0.2180,0.2064,30,0.0226,0.2921,0.5238,0.3333,0.1429,-11,-0.0262,-0.0161,-1.0476,-1.1000,-0.3772,-0.7780,-0.0378,0.0023,-0.8337,-0.0644,-0.0318,-0.1372,0.0446,0.0399,-0.0281,-0.0110,-0.2857,-0.1083,-0.0396,-22,-0.0165,-0.0467,0,-0.0476,0.0476,67,2,13,338,0.8375,0.9941,0.0059,0.1625,0.9710,0.8375,0.8993,0.8813,0.8316,0.8171,5,16,0,5,4,5
71,WLNM_dir_neg_kfold,0.9316,0.8479,00:00:01,10,80,11,16356,fixed,0.5000,0.9231,0.7500,0.8276,12,1,4,31,0.7500,0.9688,0.0312,0.2500,0.9231,0.7500,0.8276,0.8958,0.5764,0.7541,0.7624,0.7188,85,69,16,0,85,0,69,0,16,21,80,0.1905,1.7904,7.6190,8,4.2105,3.8533,0.5057,0.2482,4.5235,1.1874,0.6143,2.0644,0.5419,0.2762,0.9564,0.5342,2.5584,0.3263,0.2461,52,0.0391,0.3388,0.5238,0.3810,0.0952,21,77,0.1833,1.7939,7.3333,7.7000,4.2778,3.3961,0.4631,0.2331,4.3050,1.1741,0.6085,2.0817,0.5677,0.2894,0.9673,0.5392,2.6123,0.2108,0.1497,28,0.0211,0.3421,0.5238,0.3333,0.1429,-3,-0.0071,0.0035,-0.2857,-0.3000,0.0673,-0.4572,-0.0426,-0.0151,-0.2184,-0.0133,-0.0058,0.0172,0.0258,0.0132,0.0109,0.0050,0.0538,-0.1156,-0.0963,-24,-0.0180,0.0033,0,-0.0476,0.0476,76,1,4,339,0.9500,0.9971,0.0029,0.0500,0.9870,0.9500,0.9682,0.9611,0.9471,0.9383,13,16,0,5,4,5
72,WLNM_dir_neg_kfold,0.8320,0.7380,00:00:01,10,80,12,16357,fixed,0.5000,1,0.4375,0.6087,7,0,9,32,0.4375,1,0,0.5625,1,0.4375,0.6087,0.8125,0.6181,0.5091,0.5843,0.4375,85,69,16,0,85,0,69,0,16,21,80,0.1905,1.7904,7.6190,8,4.2105,3.8533,0.5057,0.2482,4.5235,1.1874,0.6143,2.0644,0.5419,0.2762,0.9564,0.5342,2.5584,0.3263,0.2461,52,0.0391,0.3388,0.5238,0.3810,0.0952,21,71,0.1690,1.8069,6.7619,7.1000,3.9444,3.3152,0.4903,0.2468,3.9048,1.1549,0.5996,1.9099,0.5649,0.2951,0.9835,0.5443,2.6123,0.2009,0.1572,25,0.0188,0.3016,0.5238,0.3333,0.1429,-9,-0.0214,0.0165,-0.8571,-0.9000,-0.2661,-0.5381,-0.0155,-0.0014,-0.6187,-0.0325,-0.0147,-0.1546,0.0230,0.0189,0.0272,0.0102,0.0538,-0.1254,-0.0888,-27,-0.0203,-0.0371,0,-0.0476,0.0476,71,0,9,340,0.8875,1,0,0.1125,1,0.8875,0.9404,0.9298,0.8875,0.8875,7,16,0,5,4,5
73,WLNM_dir_neg_kfold,0.8262,0.6154,00:00:01,10,80,13,16358,fixed,0.5000,0.5000,0.1875,0.2727,3,3,13,29,0.1875,0.9062,0.0938,0.8125,0.5000,0.1875,0.2727,0.6667,0.6250,0.1111,0.1336,0.0938,85,69,16,0,85,0,69,0,16,21,80,0.1905,1.7904,7.6190,8,4.2105,3.8533,0.5057,0.2482,4.5235,1.1874,0.6143,2.0644,0.5419,0.2762,0.9564,0.5342,2.5584,0.3263,0.2461,52,0.0391,0.3388,0.5238,0.3810,0.0952,21,70,0.1667,2.1260,6.6667,6.3636,3.8889,3.1833,0.4775,0.2578,3.6652,1.0995,0.5769,1.8529,0.5559,0.2993,1.2323,0.5796,3.5533,0.2121,0.1991,29,0.0218,0.2315,0.4762,0.3810,0.1429,-10,-0.0238,0.3356,-0.9524,-1.6364,-0.3216,-0.6700,-0.0282,0.0096,-0.8583,-0.0879,-0.0374,-0.2115,0.0140,0.0231,0.2759,0.0455,0.9949,-0.1142,-0.0470,-23,-0.0173,-0.1073,-0.0476,0,0.0476,67,3,13,337,0.8375,0.9912,0.0088,0.1625,0.9571,0.8375,0.8933,0.8731,0.8287,0.8072,6,16,0,5,4,5
74,WLNM_dir_neg_kfold,0.7852,0.6927,00:00:01,10,80,14,16359,fixed,0.5000,0.7778,0.4375,0.5600,7,2,9,30,0.4375,0.9375,0.0625,0.5625,0.7778,0.4375,0.5600,0.7708,0.6042,0.4211,0.4529,0.3750,85,69,16,0,85,0,69,0,16,21,80,0.1905,1.7904,7.6190,8,4.2105,3.8533,0.5057,0.2482,4.5235,1.1874,0.6143,2.0644,0.5419,0.2762,0.9564,0.5342,2.5584,0.3263,0.2461,52,0.0391,0.3388,0.5238,0.3810,0.0952,21,73,0.1738,1.8229,6.9524,7.3000,4.0556,3.3388,0.4802,0.2466,4.0077,1.1529,0.5988,1.8873,0.5429,0.2831,1.0102,0.5542,2.6667,0.1882,0.1531,25,0.0188,0.2980,0.5238,0.3333,0.1429,-7,-0.0167,0.0325,-0.6667,-0.7000,-0.1550,-0.5145,-0.0255,-0.0016,-0.5158,-0.0345,-0.0155,-0.1771,0.0010,0.0069,0.0538,0.0200,0.1082,-0.1381,-0.0930,-27,-0.0203,-0.0408,0,-0.0476,0.0476,71,2,9,338,0.8875,0.9941,0.0059,0.1125,0.9726,0.8875,0.9281,0.9136,0.8816,0.8659,9,16,0,5,4,5
75,WLNM_dir_neg_kfold,0.8701,0.7679,00:00:01,10,80,15,16360,fixed,0.5000,1,0.1250,0.2222,2,0,14,32,0.1250,1,0,0.8750,1,0.1250,0.2222,0.7083,0.6528,0.1600,0.2949,0.1250,85,69,16,0,85,0,69,0,16,21,80,0.1905,1.7904,7.6190,8,4.2105,3.8533,0.5057,0.2482,4.5235,1.1874,0.6143,2.0644,0.5419,0.2762,0.9564,0.5342,2.5584,0.3263,0.2461,52,0.0391,0.3388,0.5238,0.3810,0.0952,21,66,0.1571,1.8327,6.2857,6.6000,3.6667,3.1168,0.4959,0.2626,3.5956,1.1441,0.5945,1.8516,0.5892,0.3203,1.0229,0.5581,2.6901,0.1778,0.1626,22,0.0165,0.2717,0.5238,0.3333,0.1429,-14,-0.0333,0.0423,-1.3333,-1.4000,-0.5439,-0.7365,-0.0099,0.0144,-0.9279,-0.0433,-0.0198,-0.2128,0.0472,0.0442,0.0665,0.0240,0.1317,-0.1485,-0.0835,-30,-0.0226,-0.0671,0,-0.0476,0.0476,66,0,14,340,0.8250,1,0,0.1750,1,0.8250,0.9041,0.8902,0.8250,0.8250,2,16,0,5,4,5
76,WLNM_dir_neg_kfold,0.7617,0.5482,00:00:01,10,80,16,16361,fixed,0.5000,0.7273,0.5000,0.5926,8,3,8,29,0.5000,0.9062,0.0938,0.5000,0.7273,0.5000,0.5926,0.7708,0.5903,0.4407,0.4556,0.4062,85,69,16,0,85,0,69,0,16,21,80,0.1905,1.7904,7.6190,8,4.2105,3.8533,0.5057,0.2482,4.5235,1.1874,0.6143,2.0644,0.5419,0.2762,0.9564,0.5342,2.5584,0.3263,0.2461,52,0.0391,0.3388,0.5238,0.3810,0.0952,21,75,0.1786,1.8017,7.1429,7.5000,4.1667,3.3509,0.4691,0.2432,4.1179,1.1530,0.5994,1.8860,0.5281,0.2781,0.9781,0.5428,2.7061,0.2074,0.1711,30,0.0226,0.3037,0.5238,0.3333,0.1429,-5,-0.0119,0.0114,-0.4762,-0.5000,-0.0439,-0.5024,-0.0366,-0.0050,-0.4056,-0.0344,-0.0149,-0.1784,-0.0138,0.0019,0.0217,0.0087,0.1477,-0.1189,-0.0750,-22,-0.0165,-0.0351,0,-0.0476,0.0476,72,3,8,337,0.9000,0.9912,0.0088,0.1000,0.9600,0.9000,0.9290,0.9137,0.8912,0.8675,11,16,0,5,4,5
77,WLNM_dir_neg_kfold,0.7295,0.5422,00:00:01,10,80,17,16362,fixed,0.5000,0.4000,0.1250,0.1905,2,3,14,29,0.1250,0.9062,0.0938,0.8750,0.4000,0.1250,0.1905,0.6458,0.6319,0.0377,0.0482,0.0312,85,69,16,0,85,0,69,0,16,21,80,0.1905,1.7904,7.6190,8,4.2105,3.8533,0.5057,0.2482,4.5235,1.1874,0.6143,2.0644,0.5419,0.2762,0.9564,0.5342,2.5584,0.3263,0.2461,52,0.0391,0.3388,0.5238,0.3810,0.0952,21,69,0.1643,2.3204,6.5714,5.7500,3.8333,3.3552,0.5106,0.2657,3.5657,1.0852,0.5742,2.0036,0.6098,0.3326,1.2743,0.5492,3.2420,0.2104,0.1938,27,0.0203,0.2346,0.4286,0.4286,0.1429,-11,-0.0262,0.5300,-1.0476,-2.2500,-0.3772,-0.4981,0.0048,0.0175,-0.9578,-0.1022,-0.0401,-0.0609,0.0679,0.0565,0.3180,0.0150,0.6836,-0.1159,-0.0523,-25,-0.0188,-0.1042,-0.0952,0.0476,0.0476,66,3,14,337,0.8250,0.9912,0.0088,0.1750,0.9565,0.8250,0.8859,0.8649,0.8162,0.7952,5,16,0,5,4,5
78,WLNM_dir_neg_kfold,0.7754,0.5267,00:00:01,10,80,18,16363,fixed,0.5000,0.5000,0.1875,0.2727,3,3,13,29,0.1875,0.9062,0.0938,0.8125,0.5000,0.1875,0.2727,0.6667,0.6250,0.1111,0.1336,0.0938,85,69,16,0,85,0,69,0,16,21,80,0.1905,1.7904,7.6190,8,4.2105,3.8533,0.5057,0.2482,4.5235,1.1874,0.6143,2.0644,0.5419,0.2762,0.9564,0.5342,2.5584,0.3263,0.2461,52,0.0391,0.3388,0.5238,0.3810,0.0952,21,70,0.1667,2.1191,6.6667,6.3636,3.8889,3.0386,0.4558,0.2435,3.6923,1.1077,0.5810,1.8529,0.5559,0.2980,1.2266,0.5788,3.5833,0.2239,0.2018,30,0.0226,0.2301,0.4762,0.3810,0.1429,-10,-0.0238,0.3287,-0.9524,-1.6364,-0.3216,-0.8146,-0.0499,-0.0047,-0.8311,-0.0797,-0.0333,-0.2115,0.0140,0.0218,0.2703,0.0447,1.0248,-0.1024,-0.0443,-22,-0.0165,-0.1087,-0.0476,0,0.0476,67,3,13,337,0.8375,0.9912,0.0088,0.1625,0.9571,0.8375,0.8933,0.8731,0.8287,0.8072,6,16,0,5,4,5
79,WLNM_dir_neg_kfold,0.9023,0.8086,00:00:01,10,80,19,16364,fixed,0.5000,1,0.4375,0.6087,7,0,9,32,0.4375,1,0,0.5625,1,0.4375,0.6087,0.8125,0.6181,0.5091,0.5843,0.4375,85,69,16,0,85,0,69,0,16,21,80,0.1905,1.7904,7.6190,8,4.2105,3.8533,0.5057,0.2482,4.5235,1.1874,0.6143,2.0644,0.5419,0.2762,0.9564,0.5342,2.5584,0.3263,0.2461,52,0.0391,0.3388,0.5238,0.3810,0.0952,21,71,0.1690,1.8069,6.7619,7.1000,3.9444,3.3152,0.4903,0.2468,3.9048,1.1549,0.5996,1.9099,0.5649,0.2951,0.9835,0.5443,2.6123,0.2009,0.1572,25,0.0188,0.3016,0.5238,0.3333,0.1429,-9,-0.0214,0.0165,-0.8571,-0.9000,-0.2661,-0.5381,-0.0155,-0.0014,-0.6187,-0.0325,-0.0147,-0.1546,0.0230,0.0189,0.0272,0.0102,0.0538,-0.1254,-0.0888,-27,-0.0203,-0.0371,0,-0.0476,0.0476,71,0,9,340,0.8875,1,0,0.1125,1,0.8875,0.9404,0.9298,0.8875,0.8875,7,16,0,5,4,5
80,WLNM_dir_neg_kfold,0.7422,0.5216,00:00:01,10,80,20,16365,fixed,0.5000,0.7000,0.4375,0.5385,7,3,9,29,0.4375,0.9062,0.0938,0.5625,0.7000,0.4375,0.5385,0.7500,0.5972,0.3793,0.3990,0.3438,85,69,16,0,85,0,69,0,16,21,80,0.1905,1.7904,7.6190,8,4.2105,3.8533,0.5057,0.2482,4.5235,1.1874,0.6143,2.0644,0.5419,0.2762,0.9564,0.5342,2.5584,0.3263,0.2461,52,0.0391,0.3388,0.5238,0.3810,0.0952,21,74,0.1762,2.0155,7.0476,6.7273,3.8947,3.3388,0.4737,0.2407,3.9066,1.1086,0.5804,1.9136,0.5431,0.2883,1.1724,0.5817,3.0694,0.2251,0.1845,31,0.0233,0.2563,0.4762,0.4286,0.0952,-6,-0.0143,0.2251,-0.5714,-1.2727,-0.3158,-0.5145,-0.0320,-0.0075,-0.6168,-0.0788,-0.0338,-0.1508,0.0011,0.0121,0.2161,0.0475,0.5110,-0.1013,-0.0615,-21,-0.0158,-0.0825,-0.0476,0.0476,0,71,3,9,337,0.8875,0.9912,0.0088,0.1125,0.9595,0.8875,0.9221,0.9056,0.8787,0.8554,10,16,0,5,4,5
81,WLNM_dir_neg_kfold,0.7607,0.5608,00:00:01,10,80,1,17346,fixed,0.5000,0.6471,0.6875,0.6667,11,6,5,26,0.6875,0.8125,0.1875,0.3125,0.6471,0.6875,0.6667,0.7708,0.5486,0.4923,0.4928,0.5000,85,69,16,0,85,0,69,0,16,21,80,0.1905,1.7904,7.6190,8,4.2105,3.8533,0.5057,0.2482,4.5235,1.1874,0.6143,2.0644,0.5419,0.2762,0.9564,0.5342,2.5584,0.3263,0.2461,52,0.0391,0.3388,0.5238,0.3810,0.0952,21,81,0.1929,2.4410,7.7143,6.7500,4.2632,4.1730,0.5409,0.2693,4.5748,1.1861,0.6138,2.0071,0.5204,0.2810,1.3626,0.5582,3.3833,0.4133,0.3143,68,0.0511,0.2424,0.4286,0.4762,0.0952,1,0.0024,0.6506,0.0952,-1.2500,0.0526,0.3198,0.0352,0.0210,0.0513,-0.0014,-0.0005,-0.0573,-0.0215,0.0048,0.4063,0.0241,0.8249,0.0870,0.0683,16,0.0120,-0.0964,-0.0952,0.0952,0,75,6,5,334,0.9375,0.9824,0.0176,0.0625,0.9259,0.9375,0.9317,0.9155,0.9199,0.8721,17,16,0,5,5,5
82,WLNM_dir_neg_kfold,0.7500,0.6065,00:00:01,10,80,2,17347,fixed,0.5000,0.7143,0.6250,0.6667,10,4,6,28,0.6250,0.8750,0.1250,0.3750,0.7143,0.6250,0.6667,0.7917,0.5694,0.5161,0.5186,0.5000,85,69,16,0,85,0,69,0,16,21,80,0.1905,1.7904,7.6190,8,4.2105,3.8533,0.5057,0.2482,4.5235,1.1874,0.6143,2.0644,0.5419,0.2762,0.9564,0.5342,2.5584,0.3263,0.2461,52,0.0391,0.3388,0.5238,0.3810,0.0952,21,78,0.1857,2.2703,7.4286,6.5000,4.1053,3.4579,0.4655,0.2320,4.1490,1.1170,0.5910,1.9272,0.5189,0.2698,1.2164,0.5358,3.5465,0.3365,0.2672,53,0.0398,0.2273,0.4286,0.4762,0.0952,-2,-0.0048,0.4799,-0.1905,-1.5000,-0.1053,-0.3954,-0.0403,-0.0162,-0.3745,-0.0704,-0.0233,-0.1372,-0.0230,-0.0063,0.2600,0.0016,0.9880,0.0102,0.0212,1,0.0008,-0.1114,-0.0952,0.0952,0,74,4,6,336,0.9250,0.9882,0.0118,0.0750,0.9487,0.9250,0.9367,0.9222,0.9132,0.8810,14,16,0,5,5,5
83,WLNM_dir_neg_kfold,0.8438,0.6495,00:00:01,10,80,3,17348,fixed,0.5000,0.9091,0.6250,0.7407,10,1,6,31,0.6250,0.9688,0.0312,0.3750,0.9091,0.6250,0.7407,0.8542,0.5903,0.6441,0.6659,0.5938,85,69,16,0,85,0,69,0,16,21,80,0.1905,1.7904,7.6190,8,4.2105,3.8533,0.5057,0.2482,4.5235,1.1874,0.6143,2.0644,0.5419,0.2762,0.9564,0.5342,2.5584,0.3263,0.2461,52,0.0391,0.3388,0.5238,0.3810,0.0952,21,75,0.1786,1.7795,7.1429,7.5000,3.9474,3.5817,0.5014,0.2483,4.2139,1.1799,0.6121,1.9124,0.5355,0.2844,0.9527,0.5354,2.5517,0.3300,0.2387,44,0.0331,0.2966,0.5238,0.3810,0.0952,-5,-0.0119,-0.0109,-0.4762,-0.5000,-0.2632,-0.2716,-0.0043,0.0000,-0.3096,-0.0075,-0.0022,-0.1521,-0.0065,0.0083,-0.0036,0.0012,-0.0067,0.0037,-0.0074,-8,-0.0060,-0.0421,0,0,0,74,1,6,339,0.9250,0.9971,0.0029,0.0750,0.9867,0.9250,0.9548,0.9454,0.9221,0.9136,11,16,0,5,5,5
84,WLNM_dir_neg_kfold,0.7832,0.5914,00:00:01,10,80,4,17349,fixed,0.5000,0.7143,0.6250,0.6667,10,4,6,28,0.6250,0.8750,0.1250,0.3750,0.7143,0.6250,0.6667,0.7917,0.5694,0.5161,0.5186,0.5000,85,69,16,0,85,0,69,0,16,21,80,0.1905,1.7904,7.6190,8,4.2105,3.8533,0.5057,0.2482,4.5235,1.1874,0.6143,2.0644,0.5419,0.2762,0.9564,0.5342,2.5584,0.3263,0.2461,52,0.0391,0.3388,0.5238,0.3810,0.0952,21,78,0.1857,2.1271,7.4286,7.0909,3.9000,3.6547,0.4920,0.2509,4.3260,1.1647,0.6081,1.7647,0.4751,0.2515,1.2276,0.5771,3.5419,0.3710,0.2737,53,0.0398,0.2393,0.4762,0.4762,0.0476,-2,-0.0048,0.3367,-0.1905,-0.9091,-0.3105,-0.1985,-0.0138,0.0027,-0.1975,-0.0227,-0.0062,-0.2997,-0.0668,-0.0247,0.2712,0.0430,0.9835,0.0447,0.0276,1,0.0008,-0.0995,-0.0476,0.0952,-0.0476,74,4,6,336,0.9250,0.9882,0.0118,0.0750,0.9487,0.9250,0.9367,0.9222,0.9132,0.8810,14,16,0,5,5,5
85,WLNM_dir_neg_kfold,0.8379,0.6363,00:00:01,10,80,5,17350,fixed,0.5000,0.7143,0.6250,0.6667,10,4,6,28,0.6250,0.8750,0.1250,0.3750,0.7143,0.6250,0.6667,0.7917,0.5694,0.5161,0.5186,0.5000,85,69,16,0,85,0,69,0,16,21,80,0.1905,1.7904,7.6190,8,4.2105,3.8533,0.5057,0.2482,4.5235,1.1874,0.6143,2.0644,0.5419,0.2762,0.9564,0.5342,2.5584,0.3263,0.2461,52,0.0391,0.3388,0.5238,0.3810,0.0952,21,78,0.1857,2.1987,7.4286,7.0909,3.9000,3.5996,0.4846,0.2479,4.3144,1.1616,0.6068,1.8746,0.5047,0.2686,1.3288,0.6044,4.1357,0.3266,0.2509,48,0.0361,0.2473,0.4762,0.4762,0.0476,-2,-0.0048,0.4083,-0.1905,-0.9091,-0.3105,-0.2537,-0.0212,-0.0004,-0.2091,-0.0258,-0.0074,-0.1898,-0.0372,-0.0076,0.3725,0.0702,1.5772,0.0003,0.0048,-4,-0.0030,-0.0915,-0.0476,0.0952,-0.0476,74,4,6,336,0.9250,0.9882,0.0118,0.0750,0.9487,0.9250,0.9367,0.9222,0.9132,0.8810,14,16,0,5,5,5
86,WLNM_dir_neg_kfold,0.9258,0.4932,00:00:01,10,80,6,17351,fixed,0.5000,0.8889,0.5000,0.6400,8,1,8,31,0.5000,0.9688,0.0312,0.5000,0.8889,0.5000,0.6400,0.8125,0.6042,0.5263,0.5661,0.4688,85,69,16,0,85,0,69,0,16,21,80,0.1905,1.7904,7.6190,8,4.2105,3.8533,0.5057,0.2482,4.5235,1.1874,0.6143,2.0644,0.5419,0.2762,0.9564,0.5342,2.5584,0.3263,0.2461,52,0.0391,0.3388,0.5238,0.3810,0.0952,21,73,0.1738,2.1877,6.9524,6.6364,3.8421,3.4710,0.4992,0.2374,4.0326,1.1601,0.6067,1.8873,0.5429,0.2870,1.4550,0.6651,4.0676,0.3220,0.2316,41,0.0308,0.2384,0.4762,0.4286,0.0952,-7,-0.0167,0.3973,-0.6667,-1.3636,-0.3684,-0.3823,-0.0065,-0.0108,-0.4909,-0.0273,-0.0076,-0.1771,0.0010,0.0108,0.4986,0.1309,1.5091,-0.0043,-0.0144,-11,-0.0083,-0.1004,-0.0476,0.0476,0,72,1,8,339,0.9000,0.9971,0.0029,0.1000,0.9863,0.9000,0.9412,0.9296,0.8971,0.8889,9,16,0,5,5,5
87,WLNM_dir_neg_kfold,0.8398,0.7495,00:00:01,10,80,7,17352,fixed,0.5000,0.9000,0.5625,0.6923,9,1,7,31,0.5625,0.9688,0.0312,0.4375,0.9000,0.5625,0.6923,0.8333,0.5972,0.5862,0.6167,0.5312,85,69,16,0,85,0,69,0,16,21,80,0.1905,1.7904,7.6190,8,4.2105,3.8533,0.5057,0.2482,4.5235,1.1874,0.6143,2.0644,0.5419,0.2762,0.9564,0.5342,2.5584,0.3263,0.2461,52,0.0391,0.3388,0.5238,0.3810,0.0952,21,74,0.1762,1.7736,7.0476,7.4000,3.7000,3.5563,0.5046,0.2458,4.1787,1.1859,0.6139,1.8873,0.5356,0.2883,0.9431,0.5317,2.5450,0.3253,0.2345,43,0.0323,0.2858,0.5238,0.4286,0.0476,-6,-0.0143,-0.0168,-0.5714,-0.6000,-0.5105,-0.2969,-0.0011,-0.0024,-0.3447,-0.0016,-0.0004,-0.1771,-0.0063,0.0121,-0.0133,-0.0024,-0.0135,-0.0010,-0.0115,-9,-0.0068,-0.0530,0,0.0476,-0.0476,73,1,7,339,0.9125,0.9971,0.0029,0.0875,0.9865,0.9125,0.9481,0.9375,0.9096,0.9012,10,16,0,5,5,5
88,WLNM_dir_neg_kfold,0.8027,0.7094,00:00:01,10,80,8,17353,fixed,0.5000,0.6875,0.6875,0.6875,11,5,5,27,0.6875,0.8438,0.1562,0.3125,0.6875,0.6875,0.6875,0.7917,0.5556,0.5312,0.5312,0.5312,85,69,16,0,85,0,69,0,16,21,80,0.1905,1.7904,7.6190,8,4.2105,3.8533,0.5057,0.2482,4.5235,1.1874,0.6143,2.0644,0.5419,0.2762,0.9564,0.5342,2.5584,0.3263,0.2461,52,0.0391,0.3388,0.5238,0.3810,0.0952,21,80,0.1905,2.1708,7.6190,7.2727,4,3.8662,0.5074,0.2595,4.3888,1.1521,0.6012,1.7498,0.4593,0.2345,1.2730,0.5864,3.6220,0.3954,0.2961,61,0.0459,0.2497,0.4762,0.4762,0.0476,0,0,0.3805,0,-0.7273,-0.2105,0.0130,0.0017,0.0113,-0.1346,-0.0353,-0.0131,-0.3146,-0.0826,-0.0417,0.3167,0.0523,1.0636,0.0690,0.0501,9,0.0068,-0.0891,-0.0476,0.0952,-0.0476,75,5,5,335,0.9375,0.9853,0.0147,0.0625,0.9375,0.9375,0.9375,0.9228,0.9228,0.8824,16,16,0,5,5,5
89,WLNM_dir_neg_kfold,0.8242,0.4342,00:00:01,10,80,9,17354,fixed,0.5000,0.8182,0.5625,0.6667,9,2,7,30,0.5625,0.9375,0.0625,0.4375,0.8182,0.5625,0.6667,0.8125,0.5903,0.5424,0.5608,0.5000,85,69,16,0,85,0,69,0,16,21,80,0.1905,1.7904,7.6190,8,4.2105,3.8533,0.5057,0.2482,4.5235,1.1874,0.6143,2.0644,0.5419,0.2762,0.9564,0.5342,2.5584,0.3263,0.2461,52,0.0391,0.3388,0.5238,0.3810,0.0952,21,75,0.1786,1.8037,7.1429,7.5000,3.7500,3.4969,0.4896,0.2413,4.2845,1.1997,0.6197,1.8323,0.5130,0.2692,0.9896,0.5487,2.6781,0.3288,0.2477,45,0.0338,0.2788,0.5238,0.4286,0.0476,-5,-0.0119,0.0133,-0.4762,-0.5000,-0.4605,-0.3563,-0.0162,-0.0069,-0.2390,0.0123,0.0054,-0.2322,-0.0289,-0.0070,0.0333,0.0145,0.1196,0.0025,0.0016,-7,-0.0053,-0.0599,0,0.0476,-0.0476,73,2,7,338,0.9125,0.9941,0.0059,0.0875,0.9733,0.9125,0.9419,0.9295,0.9066,0.8902,11,16,0,5,5,5
90,WLNM_dir_neg_kfold,0.9053,0.6932,00:00:01,10,80,10,17355,fixed,0.5000,0.9091,0.6250,0.7407,10,1,6,31,0.6250,0.9688,0.0312,0.3750,0.9091,0.6250,0.7407,0.8542,0.5903,0.6441,0.6659,0.5938,85,69,16,0,85,0,69,0,16,21,80,0.1905,1.7904,7.6190,8,4.2105,3.8533,0.5057,0.2482,4.5235,1.1874,0.6143,2.0644,0.5419,0.2762,0.9564,0.5342,2.5584,0.3263,0.2461,52,0.0391,0.3388,0.5238,0.3810,0.0952,21,75,0.1786,1.7577,7.1429,7.5000,3.9474,3.5677,0.4995,0.2432,4.2494,1.1898,0.6159,1.9893,0.5570,0.2933,0.9154,0.5208,2.5000,0.3414,0.2553,48,0.0361,0.3006,0.5238,0.3810,0.0952,-5,-0.0119,-0.0327,-0.4762,-0.5000,-0.2632,-0.2855,-0.0063,-0.0050,-0.2741,0.0024,0.0016,-0.0752,0.0151,0.0171,-0.0410,-0.0134,-0.0584,0.0151,0.0093,-4,-0.0030,-0.0382,0,0,0,74,1,6,339,0.9250,0.9971,0.0029,0.0750,0.9867,0.9250,0.9548,0.9454,0.9221,0.9136,11,16,0,5,5,5
91,WLNM_dir_neg_kfold,0.7900,0.7139,00:00:01,10,80,11,17356,fixed,0.5000,1,0.5625,0.7200,9,0,7,32,0.5625,1,0,0.4375,1,0.5625,0.7200,0.8542,0.6042,0.6316,0.6794,0.5625,85,69,16,0,85,0,69,0,16,21,80,0.1905,1.7904,7.6190,8,4.2105,3.8533,0.5057,0.2482,4.5235,1.1874,0.6143,2.0644,0.5419,0.2762,0.9564,0.5342,2.5584,0.3263,0.2461,52,0.0391,0.3388,0.5238,0.3810,0.0952,21,73,0.1738,1.7730,6.9524,7.3000,3.8421,3.4997,0.5034,0.2453,4.2026,1.2090,0.6249,1.9136,0.5505,0.2883,0.9408,0.5306,2.5287,0.3174,0.2303,41,0.0308,0.2833,0.5238,0.3810,0.0952,-7,-0.0167,-0.0174,-0.6667,-0.7000,-0.3684,-0.3536,-0.0024,-0.0029,-0.3209,0.0216,0.0106,-0.1508,0.0086,0.0121,-0.0155,-0.0035,-0.0298,-0.0090,-0.0157,-11,-0.0083,-0.0554,0,0,0,73,0,7,340,0.9125,1,0,0.0875,1,0.9125,0.9542,0.9456,0.9125,0.9125,9,16,0,5,5,5
92,WLNM_dir_neg_kfold,0.8027,0.7049,00:00:01,10,80,12,17357,fixed,0.5000,0.8000,0.5000,0.6154,8,2,8,30,0.5000,0.9375,0.0625,0.5000,0.8000,0.5000,0.6154,0.7917,0.5972,0.4828,0.5078,0.4375,85,69,16,0,85,0,69,0,16,21,80,0.1905,1.7904,7.6190,8,4.2105,3.8533,0.5057,0.2482,4.5235,1.1874,0.6143,2.0644,0.5419,0.2762,0.9564,0.5342,2.5584,0.3263,0.2461,52,0.0391,0.3388,0.5238,0.3810,0.0952,21,74,0.1762,1.8228,7.0476,7.4000,3.5238,3.4997,0.4966,0.2452,4.2617,1.2094,0.6242,1.6917,0.4801,0.2561,1.0153,0.5570,2.7290,0.3547,0.2538,45,0.0338,0.2611,0.5238,0.4762,0,-6,-0.0143,0.0324,-0.5714,-0.6000,-0.6867,-0.3536,-0.0092,-0.0030,-0.2618,0.0220,0.0099,-0.3727,-0.0618,-0.0201,0.0589,0.0228,0.1706,0.0284,0.0077,-7,-0.0053,-0.0777,0,0.0952,-0.0952,72,2,8,338,0.9000,0.9941,0.0059,0.1000,0.9730,0.9000,0.9351,0.9216,0.8941,0.8780,10,16,0,5,5,5
93,WLNM_dir_neg_kfold,0.8535,0.7480,00:00:01,10,80,13,17358,fixed,0.5000,0.7500,0.5625,0.6429,9,3,7,29,0.5625,0.9062,0.0938,0.4375,0.7500,0.5625,0.6429,0.7917,0.5833,0.5000,0.5103,0.4688,85,69,16,0,85,0,69,0,16,21,80,0.1905,1.7904,7.6190,8,4.2105,3.8533,0.5057,0.2482,4.5235,1.1874,0.6143,2.0644,0.5419,0.2762,0.9564,0.5342,2.5584,0.3263,0.2461,52,0.0391,0.3388,0.5238,0.3810,0.0952,21,76,0.1810,1.9780,7.2381,6.9091,4,3.6593,0.5056,0.2419,4.2365,1.1706,0.6103,1.9099,0.5277,0.2807,1.0396,0.5256,2.4443,0.3048,0.2273,40,0.0301,0.2418,0.4762,0.4286,0.0952,-4,-0.0095,0.1876,-0.3810,-1.0909,-0.2105,-0.1940,-0.0002,-0.0064,-0.2870,-0.0168,-0.0040,-0.1546,-0.0142,0.0045,0.0833,-0.0086,-0.1142,-0.0216,-0.0188,-12,-0.0090,-0.0970,-0.0476,0.0476,0,73,3,7,337,0.9125,0.9912,0.0088,0.0875,0.9605,0.9125,0.9359,0.9217,0.9037,0.8795,12,16,0,5,5,5
94,WLNM_dir_neg_kfold,0.6670,0.3952,00:00:01,10,80,14,17359,fixed,0.5000,0.5385,0.4375,0.4828,7,6,9,26,0.4375,0.8125,0.1875,0.5625,0.5385,0.4375,0.4828,0.6875,0.5764,0.2623,0.2652,0.2500,85,69,16,0,85,0,69,0,16,21,80,0.1905,1.7904,7.6190,8,4.2105,3.8533,0.5057,0.2482,4.5235,1.1874,0.6143,2.0644,0.5419,0.2762,0.9564,0.5342,2.5584,0.3263,0.2461,52,0.0391,0.3388,0.5238,0.3810,0.0952,21,77,0.1833,2.4469,7.3333,6.4167,4.0526,3.3066,0.4509,0.2313,4.1028,1.1190,0.5900,1.8257,0.4979,0.2449,1.3966,0.5707,3.8052,0.3439,0.2653,49,0.0368,0.2144,0.4286,0.4762,0.0952,-3,-0.0071,0.6565,-0.2857,-1.5833,-0.1579,-0.5467,-0.0548,-0.0169,-0.4206,-0.0685,-0.0243,-0.2387,-0.0440,-0.0313,0.4402,0.0366,1.2467,0.0176,0.0193,-3,-0.0023,-0.1244,-0.0952,0.0952,0,71,6,9,334,0.8875,0.9824,0.0176,0.1125,0.9221,0.8875,0.9045,0.8828,0.8699,0.8256,13,16,0,5,5,5
95,WLNM_dir_neg_kfold,0.8262,0.7003,00:00:01,10,80,15,17360,fixed,0.5000,0.6429,0.5625,0.6000,9,5,7,27,0.5625,0.8438,0.1562,0.4375,0.6429,0.5625,0.6000,0.7500,0.5694,0.4194,0.4213,0.4062,85,69,16,0,85,0,69,0,16,21,80,0.1905,1.7904,7.6190,8,4.2105,3.8533,0.5057,0.2482,4.5235,1.1874,0.6143,2.0644,0.5419,0.2762,0.9564,0.5342,2.5584,0.3263,0.2461,52,0.0391,0.3388,0.5238,0.3810,0.0952,21,78,0.1857,2.2421,7.4286,7.0909,3.9000,3.8674,0.5206,0.2552,4.3948,1.1832,0.6142,1.6475,0.4436,0.2320,1.4233,0.6348,4.3730,0.3246,0.2440,44,0.0331,0.2281,0.4762,0.4762,0.0476,-2,-0.0048,0.4517,-0.1905,-0.9091,-0.3105,0.0142,0.0149,0.0070,-0.1287,-0.0042,-0.0001,-0.4169,-0.0984,-0.0442,0.4670,0.1007,1.8146,-0.0017,-0.0021,-8,-0.0060,-0.1107,-0.0476,0.0952,-0.0476,73,5,7,335,0.9125,0.9853,0.0147,0.0875,0.9359,0.9125,0.9241,0.9066,0.8978,0.8588,14,16,0,5,5,5
96,WLNM_dir_neg_kfold,0.8369,0.4284,00:00:01,10,80,16,17361,fixed,0.5000,0.7692,0.6250,0.6897,10,3,6,29,0.6250,0.9062,0.0938,0.3750,0.7692,0.6250,0.6897,0.8125,0.5764,0.5574,0.5635,0.5312,85,69,16,0,85,0,69,0,16,21,80,0.1905,1.7904,7.6190,8,4.2105,3.8533,0.5057,0.2482,4.5235,1.1874,0.6143,2.0644,0.5419,0.2762,0.9564,0.5342,2.5584,0.3263,0.2461,52,0.0391,0.3388,0.5238,0.3810,0.0952,21,77,0.1833,1.7504,7.3333,7.7000,3.8500,3.6515,0.4979,0.2505,4.2466,1.1582,0.6011,1.8797,0.5126,0.2758,0.9035,0.5162,2.5159,0.3237,0.2478,48,0.0361,0.2952,0.5238,0.4286,0.0476,-3,-0.0071,-0.0400,-0.2857,-0.3000,-0.3605,-0.2018,-0.0078,0.0022,-0.2769,-0.0293,-0.0132,-0.1847,-0.0293,-0.0004,-0.0529,-0.0180,-0.0425,-0.0027,0.0018,-4,-0.0030,-0.0435,0,0.0476,-0.0476,74,3,6,337,0.9250,0.9912,0.0088,0.0750,0.9610,0.9250,0.9427,0.9298,0.9162,0.8916,13,16,0,5,5,5
97,WLNM_dir_neg_kfold,0.7969,0.5489,00:00:01,10,80,17,17362,fixed,0.5000,0.8182,0.5625,0.6667,9,2,7,30,0.5625,0.9375,0.0625,0.4375,0.8182,0.5625,0.6667,0.8125,0.5903,0.5424,0.5608,0.5000,85,69,16,0,85,0,69,0,16,21,80,0.1905,1.7904,7.6190,8,4.2105,3.8533,0.5057,0.2482,4.5235,1.1874,0.6143,2.0644,0.5419,0.2762,0.9564,0.5342,2.5584,0.3263,0.2461,52,0.0391,0.3388,0.5238,0.3810,0.0952,21,75,0.1786,1.9884,7.1429,6.8182,3.9474,3.5537,0.4975,0.2425,4.1421,1.1598,0.6057,1.9124,0.5355,0.2844,1.0925,0.5495,2.8455,0.3208,0.2312,41,0.0308,0.2494,0.4762,0.4286,0.0952,-5,-0.0119,0.1980,-0.4762,-1.1818,-0.2632,-0.2996,-0.0082,-0.0057,-0.3814,-0.0276,-0.0086,-0.1521,-0.0065,0.0083,0.1362,0.0153,0.2870,-0.0055,-0.0149,-11,-0.0083,-0.0894,-0.0476,0.0476,0,73,2,7,338,0.9125,0.9941,0.0059,0.0875,0.9733,0.9125,0.9419,0.9295,0.9066,0.8902,11,16,0,5,5,5
98,WLNM_dir_neg_kfold,0.8623,0.7735,00:00:01,10,80,18,17363,fixed,0.5000,0.8333,0.6250,0.7143,10,2,6,30,0.6250,0.9375,0.0625,0.3750,0.8333,0.6250,0.7143,0.8333,0.5833,0.6000,0.6124,0.5625,85,69,16,0,85,0,69,0,16,21,80,0.1905,1.7904,7.6190,8,4.2105,3.8533,0.5057,0.2482,4.5235,1.1874,0.6143,2.0644,0.5419,0.2762,0.9564,0.5342,2.5584,0.3263,0.2461,52,0.0391,0.3388,0.5238,0.3810,0.0952,21,76,0.1810,1.7940,7.2381,7.6000,4,3.7670,0.5204,0.2563,4.2717,1.1803,0.6115,1.8021,0.4980,0.2581,0.9696,0.5405,2.5923,0.3394,0.2565,49,0.0368,0.2883,0.5238,0.3810,0.0952,-4,-0.0095,0.0036,-0.3810,-0.4000,-0.2105,-0.0862,0.0147,0.0081,-0.2518,-0.0071,-0.0028,-0.2623,-0.0440,-0.0180,0.0133,0.0063,0.0338,0.0130,0.0105,-3,-0.0023,-0.0505,0,0,0,74,2,6,338,0.9250,0.9941,0.0059,0.0750,0.9737,0.9250,0.9487,0.9375,0.9191,0.9024,12,16,0,5,5,5
99,WLNM_dir_neg_kfold,0.8555,0.4251,00:00:01,10,80,19,17364,fixed,0.5000,0.6923,0.5625,0.6207,9,4,7,28,0.5625,0.8750,0.1250,0.4375,0.6923,0.5625,0.6207,0.7708,0.5764,0.4590,0.4641,0.4375,85,69,16,0,85,0,69,0,16,21,80,0.1905,1.7904,7.6190,8,4.2105,3.8533,0.5057,0.2482,4.5235,1.1874,0.6143,2.0644,0.5419,0.2762,0.9564,0.5342,2.5584,0.3263,0.2461,52,0.0391,0.3388,0.5238,0.3810,0.0952,21,77,0.1833,1.8180,7.3333,7.7000,3.8500,3.8902,0.5305,0.2628,4.4083,1.2023,0.6197,1.8797,0.5126,0.2771,0.9877,0.5433,2.6389,0.4713,0.3306,66,0.0496,0.2840,0.5238,0.4286,0.0476,-3,-0.0071,0.0276,-0.2857,-0.3000,-0.3605,0.0369,0.0247,0.0146,-0.1152,0.0149,0.0054,-0.1847,-0.0293,0.0009,0.0314,0.0091,0.0804,0.1450,0.0845,14,0.0105,-0.0547,0,0.0476,-0.0476,73,4,7,336,0.9125,0.9882,0.0118,0.0875,0.9481,0.9125,0.9299,0.9141,0.9007,0.8690,13,16,0,5,5,5
100,WLNM_dir_neg_kfold,0.7725,0.5793,00:00:01,10,80,20,17365,fixed,0.5000,0.7692,0.6250,0.6897,10,3,6,29,0.6250,0.9062,0.0938,0.3750,0.7692,0.6250,0.6897,0.8125,0.5764,0.5574,0.5635,0.5312,85,69,16,0,85,0,69,0,16,21,80,0.1905,1.7904,7.6190,8,4.2105,3.8533,0.5057,0.2482,4.5235,1.1874,0.6143,2.0644,0.5419,0.2762,0.9564,0.5342,2.5584,0.3263,0.2461,52,0.0391,0.3388,0.5238,0.3810,0.0952,21,77,0.1833,1.7897,7.3333,7.7000,4.0526,3.5963,0.4904,0.2468,4.3627,1.1898,0.6147,1.8529,0.5053,0.2573,0.9618,0.5374,2.5724,0.3937,0.2927,56,0.0421,0.2923,0.5238,0.3810,0.0952,-3,-0.0071,-0.0007,-0.2857,-0.3000,-0.1579,-0.2570,-0.0153,-0.0015,-0.1608,0.0024,0.0004,-0.2115,-0.0366,-0.0189,0.0054,0.0032,0.0140,0.0674,0.0466,4,0.0030,-0.0465,0,0,0,74,3,6,337,0.9250,0.9912,0.0088,0.0750,0.9610,0.9250,0.9427,0.9298,0.9162,0.8916,13,16,0,5,5,5
