Iteration,Version,ROC_AUC,PR_AUC,TimeElapsed,K,TrainRatio,ExperimentID,Seed,ThresholdMode,Threshold,Precision,Recall,F1Score,TestTP,TestFP,TestFN,TestTN,TestTPR,TestTNR,TestFPR,TestFNR,TestPrecision,TestRecall,TestF1Score,TestAccuracy,TestExpectedAccuracy,TestKappa,TestMCC,TestTSS,TotalLinks,TrainLinks,TestLinks,BackboneTotal,NonBackboneTotal,BackboneTrainLinks,NonBackboneTrainLinks,BackboneTestLinks,NonBackboneTestLinks,EmpiricalNumSpecies,EmpiricalLinks,EmpiricalConnectance,EmpiricalMeanTrophicLevel,EmpiricalMeanDegree,EmpiricalMeanGenerality,EmpiricalMeanVulnerability,EmpiricalDegreeStd,EmpiricalDegreeCV,EmpiricalDegreeGini,EmpiricalGeneralityStd,EmpiricalGeneralityCV,EmpiricalGeneralityGini,EmpiricalVulnerabilityStd,EmpiricalVulnerabilityCV,EmpiricalVulnerabilityGini,EmpiricalTrophicLevelStd,EmpiricalTrophicLevelCV,EmpiricalTrophicLevelRange,EmpiricalMeanLocalClustering,EmpiricalTransitivity,EmpiricalNumTriangles,EmpiricalTriangleDensity,EmpiricalMeanDietOverlap,EmpiricalPropBasal,EmpiricalPropIntermediate,EmpiricalPropTop,PseudoNumSpecies,PseudoLinks,PseudoConnectance,PseudoMeanTrophicLevel,PseudoMeanDegree,PseudoMeanGenerality,PseudoMeanVulnerability,PseudoDegreeStd,PseudoDegreeCV,PseudoDegreeGini,PseudoGeneralityStd,PseudoGeneralityCV,PseudoGeneralityGini,PseudoVulnerabilityStd,PseudoVulnerabilityCV,PseudoVulnerabilityGini,PseudoTrophicLevelStd,PseudoTrophicLevelCV,PseudoTrophicLevelRange,PseudoMeanLocalClustering,PseudoTransitivity,PseudoNumTriangles,PseudoTriangleDensity,PseudoMeanDietOverlap,PseudoPropBasal,PseudoPropIntermediate,PseudoPropTop,DeltaLinks,DeltaConnectance,DeltaMeanTrophicLevel,DeltaMeanDegree,DeltaMeanGenerality,DeltaMeanVulnerability,DeltaDegreeStd,DeltaDegreeCV,DeltaDegreeGini,DeltaGeneralityStd,DeltaGeneralityCV,DeltaGeneralityGini,DeltaVulnerabilityStd,DeltaVulnerabilityCV,DeltaVulnerabilityGini,DeltaTrophicLevelStd,DeltaTrophicLevelCV,DeltaTrophicLevelRange,DeltaMeanLocalClustering,DeltaTransitivity,DeltaNumTriangles,DeltaTriangleDensity,DeltaMeanDietOverlap,DeltaPropBasal,DeltaPropIntermediate,DeltaPropTop,PseudoTP,PseudoFP,PseudoFN,PseudoTN,PseudoTPR,PseudoTNR,PseudoFPR,PseudoFNR,PseudoPrecision,PseudoRecall,PseudoF1Score,PseudoMCC,PseudoTSS,PseudoJaccardLinks,NumPredictedNovelLinks,NumTrueNovelLinks,EvaluateOnAllUnseen,CvK,FoldID,NumFolds
1,WLNM_dir_neg_kfold,0.9028,0.6366,00:00:00,10,90,1,13346,fixed,0.5000,0.7500,0.5000,0.6000,3,1,3,11,0.5000,0.9167,0.0833,0.5000,0.7500,0.5000,0.6000,0.7778,0.5926,0.4545,0.4725,0.4167,61,55,6,0,61,0,55,0,6,18,54,0.1765,2.0927,6,4.1538,3.8571,2.9902,0.4984,0.2767,2.7440,0.9147,0.4959,3.5480,1.1827,0.5802,0.8194,0.3916,2.5000,0.3915,0.4030,45,0.0551,0.3414,0.2778,0.5000,0.2222,18,52,0.1699,2.1071,5.7778,4,4,2.9417,0.5091,0.2810,2.4468,0.8470,0.4658,3.5461,1.2275,0.5983,0.8533,0.4050,2.6667,0.3856,0.3612,36,0.0441,0.3476,0.2778,0.4444,0.2778,-2,-0.0065,0.0144,-0.2222,-0.1538,0.1429,-0.0485,0.0108,0.0042,-0.2972,-0.0677,-0.0301,-0.0018,0.0448,0.0180,0.0339,0.0134,0.1667,-0.0059,-0.0418,-9,-0.0110,0.0063,0,-0.0556,0.0556,51,1,3,251,0.9444,0.9960,0.0040,0.0556,0.9808,0.9444,0.9623,0.9546,0.9405,0.9273,4,6,0,10,1,10
2,WLNM_dir_neg_kfold,0.8472,0.5555,00:00:01,10,90,2,13347,fixed,0.5000,0.8333,0.8333,0.8333,5,1,1,11,0.8333,0.9167,0.0833,0.1667,0.8333,0.8333,0.8333,0.8889,0.5556,0.7500,0.7500,0.7500,61,55,6,0,61,0,55,0,6,18,54,0.1765,2.0927,6,4.1538,3.8571,2.9902,0.4984,0.2767,2.7440,0.9147,0.4959,3.5480,1.1827,0.5802,0.8194,0.3916,2.5000,0.3915,0.4030,45,0.0551,0.3414,0.2778,0.5000,0.2222,18,54,0.1765,2.0866,6,4.1538,4.1538,2.7865,0.4644,0.2572,2.6346,0.8782,0.4815,3.5645,1.1882,0.5885,0.8124,0.3893,2.5000,0.3498,0.3600,39,0.0478,0.3373,0.2778,0.4444,0.2778,0,0,-0.0060,0,0,0.2967,-0.2037,-0.0339,-0.0195,-0.1094,-0.0365,-0.0144,0.0165,0.0055,0.0082,-0.0070,-0.0022,0,-0.0417,-0.0430,-6,-0.0074,-0.0041,0,-0.0556,0.0556,53,1,1,251,0.9815,0.9960,0.0040,0.0185,0.9815,0.9815,0.9815,0.9775,0.9775,0.9636,6,6,0,10,1,10
3,WLNM_dir_neg_kfold,0.8611,0.6508,00:00:01,10,90,3,13348,fixed,0.5000,0.7143,0.8333,0.7692,5,2,1,10,0.8333,0.8333,0.1667,0.1667,0.7143,0.8333,0.7692,0.8333,0.5370,0.6400,0.6447,0.6667,61,55,6,0,61,0,55,0,6,18,54,0.1765,2.0927,6,4.1538,3.8571,2.9902,0.4984,0.2767,2.7440,0.9147,0.4959,3.5480,1.1827,0.5802,0.8194,0.3916,2.5000,0.3915,0.4030,45,0.0551,0.3414,0.2778,0.5000,0.2222,18,55,0.1797,2.0871,6.1111,4.2308,4.2308,2.8879,0.4726,0.2616,2.7541,0.9013,0.4899,3.6214,1.1852,0.5949,0.8128,0.3895,2.5000,0.3669,0.3695,42,0.0515,0.3427,0.2778,0.4444,0.2778,1,0.0033,-0.0056,0.1111,0.0769,0.3736,-0.1023,-0.0258,-0.0151,0.0101,-0.0133,-0.0060,0.0734,0.0025,0.0147,-0.0066,-0.0021,0,-0.0245,-0.0335,-3,-0.0037,0.0013,0,-0.0556,0.0556,53,2,1,250,0.9815,0.9921,0.0079,0.0185,0.9636,0.9815,0.9725,0.9666,0.9735,0.9464,7,6,0,10,1,10
4,WLNM_dir_neg_kfold,0.7500,0.5420,00:00:01,10,90,4,13349,fixed,0.5000,0.7500,0.5000,0.6000,3,1,3,11,0.5000,0.9167,0.0833,0.5000,0.7500,0.5000,0.6000,0.7778,0.5926,0.4545,0.4725,0.4167,61,55,6,0,61,0,55,0,6,18,54,0.1765,2.0927,6,4.1538,3.8571,2.9902,0.4984,0.2767,2.7440,0.9147,0.4959,3.5480,1.1827,0.5802,0.8194,0.3916,2.5000,0.3915,0.4030,45,0.0551,0.3414,0.2778,0.5000,0.2222,18,52,0.1699,1,5.7778,3.7143,4,2.7982,0.4843,0.2671,2.4468,0.8470,0.4637,3.5627,1.2332,0.6026,0,0,0,0.3591,0.3423,34,0.0417,0.3170,0.2222,0.5000,0.2778,-2,-0.0065,-1.0927,-0.2222,-0.4396,0.1429,-0.1920,-0.0141,-0.0097,-0.2972,-0.0677,-0.0322,0.0147,0.0506,0.0223,-0.8194,-0.3916,-2.5000,-0.0324,-0.0607,-11,-0.0135,-0.0244,-0.0556,0,0.0556,51,1,3,251,0.9444,0.9960,0.0040,0.0556,0.9808,0.9444,0.9623,0.9546,0.9405,0.9273,4,6,0,10,1,10
5,WLNM_dir_neg_kfold,0.9722,0.6103,00:00:01,10,90,5,13350,fixed,0.5000,1,0.6667,0.8000,4,0,2,12,0.6667,1,0,0.3333,1,0.6667,0.8000,0.8889,0.5926,0.7273,0.7559,0.6667,61,55,6,0,61,0,55,0,6,18,54,0.1765,2.0927,6,4.1538,3.8571,2.9902,0.4984,0.2767,2.7440,0.9147,0.4959,3.5480,1.1827,0.5802,0.8194,0.3916,2.5000,0.3915,0.4030,45,0.0551,0.3414,0.2778,0.5000,0.2222,18,52,0.1699,2.0757,5.7778,4,4,2.9216,0.5057,0.2799,2.5870,0.8955,0.4893,3.5627,1.2332,0.6026,0.8073,0.3889,2.5000,0.3805,0.3666,38,0.0466,0.3471,0.2778,0.4444,0.2778,-2,-0.0065,-0.0170,-0.2222,-0.1538,0.1429,-0.0685,0.0073,0.0032,-0.1569,-0.0191,-0.0066,0.0147,0.0506,0.0223,-0.0121,-0.0026,0,-0.0110,-0.0364,-7,-0.0086,0.0057,0,-0.0556,0.0556,52,0,2,252,0.9630,1,0,0.0370,1,0.9630,0.9811,0.9774,0.9630,0.9630,4,6,0,10,1,10
6,WLNM_dir_neg_kfold,0.8333,0.4464,00:00:01,10,90,6,13351,fixed,0.5000,1,0.3333,0.5000,2,0,4,12,0.3333,1,0,0.6667,1,0.3333,0.5000,0.7778,0.6296,0.4000,0.5000,0.3333,61,55,6,0,61,0,55,0,6,18,54,0.1765,2.0927,6,4.1538,3.8571,2.9902,0.4984,0.2767,2.7440,0.9147,0.4959,3.5480,1.1827,0.5802,0.8194,0.3916,2.5000,0.3915,0.4030,45,0.0551,0.3414,0.2778,0.5000,0.2222,18,50,0.1634,2.0532,5.5556,3.8462,3.8462,2.8537,0.5137,0.2844,2.3901,0.8604,0.4733,3.5240,1.2686,0.6044,0.7853,0.3825,2.5000,0.3699,0.3449,33,0.0404,0.3456,0.2778,0.4444,0.2778,-4,-0.0131,-0.0395,-0.4444,-0.3077,-0.0110,-0.1364,0.0153,0.0077,-0.3539,-0.0542,-0.0226,-0.0240,0.0860,0.0242,-0.0341,-0.0091,0,-0.0216,-0.0580,-12,-0.0147,0.0042,0,-0.0556,0.0556,50,0,4,252,0.9259,1,0,0.0741,1,0.9259,0.9615,0.9547,0.9259,0.9259,2,6,0,10,1,10
7,WLNM_dir_neg_kfold,0.7917,0.5323,00:00:01,10,90,7,13352,fixed,0.5000,0.5000,0.6667,0.5714,4,4,2,8,0.6667,0.6667,0.3333,0.3333,0.5000,0.6667,0.5714,0.6667,0.5185,0.3077,0.3162,0.3333,61,55,6,0,61,0,55,0,6,18,54,0.1765,2.0927,6,4.1538,3.8571,2.9902,0.4984,0.2767,2.7440,0.9147,0.4959,3.5480,1.1827,0.5802,0.8194,0.3916,2.5000,0.3915,0.4030,45,0.0551,0.3414,0.2778,0.5000,0.2222,18,56,0.1830,2.2535,6.2222,4,4.3077,2.8606,0.4597,0.2540,2.7416,0.8812,0.4782,3.5956,1.1557,0.5833,0.8038,0.3567,2.5000,0.3954,0.3920,46,0.0564,0.3091,0.2222,0.5000,0.2778,2,0.0065,0.1608,0.2222,-0.1538,0.4505,-0.1296,-0.0386,-0.0228,-0.0024,-0.0334,-0.0177,0.0476,-0.0269,0.0031,-0.0156,-0.0349,0,0.0040,-0.0109,1,0.0012,-0.0323,-0.0556,0,0.0556,52,4,2,248,0.9630,0.9841,0.0159,0.0370,0.9286,0.9630,0.9455,0.9337,0.9471,0.8966,8,6,0,10,1,10
8,WLNM_dir_neg_kfold,0.8750,0.7298,00:00:01,10,90,8,13353,fixed,0.5000,1,0.6667,0.8000,4,0,2,12,0.6667,1,0,0.3333,1,0.6667,0.8000,0.8889,0.5926,0.7273,0.7559,0.6667,61,55,6,0,61,0,55,0,6,18,54,0.1765,2.0927,6,4.1538,3.8571,2.9902,0.4984,0.2767,2.7440,0.9147,0.4959,3.5480,1.1827,0.5802,0.8194,0.3916,2.5000,0.3915,0.4030,45,0.0551,0.3414,0.2778,0.5000,0.2222,18,52,0.1699,2.0757,5.7778,4,4,2.9216,0.5057,0.2799,2.5870,0.8955,0.4893,3.5627,1.2332,0.6026,0.8073,0.3889,2.5000,0.3805,0.3666,38,0.0466,0.3471,0.2778,0.4444,0.2778,-2,-0.0065,-0.0170,-0.2222,-0.1538,0.1429,-0.0685,0.0073,0.0032,-0.1569,-0.0191,-0.0066,0.0147,0.0506,0.0223,-0.0121,-0.0026,0,-0.0110,-0.0364,-7,-0.0086,0.0057,0,-0.0556,0.0556,52,0,2,252,0.9630,1,0,0.0370,1,0.9630,0.9811,0.9774,0.9630,0.9630,4,6,0,10,1,10
9,WLNM_dir_neg_kfold,0.6806,0.5347,00:00:01,10,90,9,13354,fixed,0.5000,0.6000,0.5000,0.5455,3,2,3,10,0.5000,0.8333,0.1667,0.5000,0.6000,0.5000,0.5455,0.7222,0.5741,0.3478,0.3508,0.3333,61,55,6,0,61,0,55,0,6,18,54,0.1765,2.0927,6,4.1538,3.8571,2.9902,0.4984,0.2767,2.7440,0.9147,0.4959,3.5480,1.1827,0.5802,0.8194,0.3916,2.5000,0.3915,0.4030,45,0.0551,0.3414,0.2778,0.5000,0.2222,18,53,0.1732,2.1252,5.8889,4.0769,3.5333,2.8052,0.4764,0.2631,2.5315,0.8598,0.4727,3.4551,1.1734,0.5587,0.8134,0.3828,2.5000,0.3464,0.3553,36,0.0441,0.3198,0.2778,0.5556,0.1667,-1,-0.0033,0.0325,-0.1111,-0.0769,-0.3238,-0.1850,-0.0220,-0.0136,-0.2125,-0.0549,-0.0231,-0.0929,-0.0092,-0.0215,-0.0060,-0.0088,0,-0.0451,-0.0477,-9,-0.0110,-0.0216,0,0.0556,-0.0556,51,2,3,250,0.9444,0.9921,0.0079,0.0556,0.9623,0.9444,0.9533,0.9434,0.9365,0.9107,5,6,0,10,1,10
10,WLNM_dir_neg_kfold,0.8750,0.6411,00:00:01,10,90,10,13355,fixed,0.5000,0.7143,0.8333,0.7692,5,2,1,10,0.8333,0.8333,0.1667,0.1667,0.7143,0.8333,0.7692,0.8333,0.5370,0.6400,0.6447,0.6667,61,55,6,0,61,0,55,0,6,18,54,0.1765,2.0927,6,4.1538,3.8571,2.9902,0.4984,0.2767,2.7440,0.9147,0.4959,3.5480,1.1827,0.5802,0.8194,0.3916,2.5000,0.3915,0.4030,45,0.0551,0.3414,0.2778,0.5000,0.2222,18,55,0.1797,2.1027,6.1111,4.2308,4.2308,2.9082,0.4759,0.2636,2.7541,0.9013,0.4899,3.5392,1.1583,0.5747,0.8154,0.3878,2.5000,0.4173,0.3959,45,0.0551,0.3307,0.2778,0.4444,0.2778,1,0.0033,0.0101,0.1111,0.0769,0.3736,-0.0820,-0.0225,-0.0131,0.0101,-0.0133,-0.0060,-0.0088,-0.0244,-0.0055,-0.0040,-0.0038,0,0.0258,-0.0071,0,0,-0.0107,0,-0.0556,0.0556,53,2,1,250,0.9815,0.9921,0.0079,0.0185,0.9636,0.9815,0.9725,0.9666,0.9735,0.9464,7,6,0,10,1,10
11,WLNM_dir_neg_kfold,0.7361,0.3578,00:00:01,10,90,11,13356,fixed,0.5000,0.5714,0.6667,0.6154,4,3,2,9,0.6667,0.7500,0.2500,0.3333,0.5714,0.6667,0.6154,0.7222,0.5370,0.4000,0.4029,0.4167,61,55,6,0,61,0,55,0,6,18,54,0.1765,2.0927,6,4.1538,3.8571,2.9902,0.4984,0.2767,2.7440,0.9147,0.4959,3.5480,1.1827,0.5802,0.8194,0.3916,2.5000,0.3915,0.4030,45,0.0551,0.3414,0.2778,0.5000,0.2222,18,55,0.1797,2.0986,6.1111,4.2308,3.9286,2.8052,0.4590,0.2535,2.5546,0.8361,0.4616,3.4890,1.1419,0.5646,0.8061,0.3841,2.5000,0.4362,0.3750,42,0.0515,0.3242,0.2778,0.5000,0.2222,1,0.0033,0.0059,0.1111,0.0769,0.0714,-0.1850,-0.0393,-0.0232,-0.1893,-0.0786,-0.0343,-0.0590,-0.0408,-0.0156,-0.0133,-0.0075,0,0.0448,-0.0280,-3,-0.0037,-0.0172,0,0,0,52,3,2,249,0.9630,0.9881,0.0119,0.0370,0.9455,0.9630,0.9541,0.9442,0.9511,0.9123,7,6,0,10,1,10
12,WLNM_dir_neg_kfold,0.8472,0.4315,00:00:01,10,90,12,13357,fixed,0.5000,0.5714,0.6667,0.6154,4,3,2,9,0.6667,0.7500,0.2500,0.3333,0.5714,0.6667,0.6154,0.7222,0.5370,0.4000,0.4029,0.4167,61,55,6,0,61,0,55,0,6,18,54,0.1765,2.0927,6,4.1538,3.8571,2.9902,0.4984,0.2767,2.7440,0.9147,0.4959,3.5480,1.1827,0.5802,0.8194,0.3916,2.5000,0.3915,0.4030,45,0.0551,0.3414,0.2778,0.5000,0.2222,18,55,0.1797,2.1112,6.1111,4.2308,4.2308,2.9682,0.4857,0.2677,2.7541,0.9013,0.4899,3.5723,1.1691,0.5869,0.8180,0.3874,2.5000,0.4416,0.4174,48,0.0588,0.3335,0.2778,0.4444,0.2778,1,0.0033,0.0185,0.1111,0.0769,0.3736,-0.0219,-0.0127,-0.0091,0.0101,-0.0133,-0.0060,0.0243,-0.0135,0.0066,-0.0015,-0.0041,0,0.0501,0.0144,3,0.0037,-0.0079,0,-0.0556,0.0556,52,3,2,249,0.9630,0.9881,0.0119,0.0370,0.9455,0.9630,0.9541,0.9442,0.9511,0.9123,7,6,0,10,1,10
13,WLNM_dir_neg_kfold,0.7778,0.3069,00:00:01,10,90,13,13358,fixed,0.5000,0.5714,0.6667,0.6154,4,3,2,9,0.6667,0.7500,0.2500,0.3333,0.5714,0.6667,0.6154,0.7222,0.5370,0.4000,0.4029,0.4167,61,55,6,0,61,0,55,0,6,18,54,0.1765,2.0927,6,4.1538,3.8571,2.9902,0.4984,0.2767,2.7440,0.9147,0.4959,3.5480,1.1827,0.5802,0.8194,0.3916,2.5000,0.3915,0.4030,45,0.0551,0.3414,0.2778,0.5000,0.2222,18,55,0.1797,4.8080,6.1111,3.6667,3.9286,3.0849,0.5048,0.2808,2.4368,0.7975,0.4374,3.5226,1.1528,0.5727,2.1482,0.4468,6.2857,0.3805,0.3666,38,0.0466,0.2718,0.1667,0.6111,0.2222,1,0.0033,2.7154,0.1111,-0.4872,0.0714,0.0947,0.0064,0.0041,-0.3072,-0.1172,-0.0585,-0.0254,-0.0298,-0.0075,1.3288,0.0552,3.7857,-0.0110,-0.0364,-7,-0.0086,-0.0695,-0.1111,0.1111,0,52,3,2,249,0.9630,0.9881,0.0119,0.0370,0.9455,0.9630,0.9541,0.9442,0.9511,0.9123,7,6,0,10,1,10
14,WLNM_dir_neg_kfold,0.9167,0.7462,00:00:01,10,90,14,13359,fixed,0.5000,0.8333,0.8333,0.8333,5,1,1,11,0.8333,0.9167,0.0833,0.1667,0.8333,0.8333,0.8333,0.8889,0.5556,0.7500,0.7500,0.7500,61,55,6,0,61,0,55,0,6,18,54,0.1765,2.0927,6,4.1538,3.8571,2.9902,0.4984,0.2767,2.7440,0.9147,0.4959,3.5480,1.1827,0.5802,0.8194,0.3916,2.5000,0.3915,0.4030,45,0.0551,0.3414,0.2778,0.5000,0.2222,18,54,0.1765,2.1515,6,4.1538,3.8571,2.9506,0.4918,0.2726,2.5896,0.8632,0.4733,3.5480,1.1827,0.5802,0.8999,0.4183,2.7571,0.3704,0.3645,39,0.0478,0.3433,0.2778,0.5000,0.2222,0,0,0.0589,0,0,0,-0.0396,-0.0066,-0.0041,-0.1544,-0.0515,-0.0226,0,0,0,0.0805,0.0267,0.2571,-0.0211,-0.0385,-6,-0.0074,0.0019,0,0,0,53,1,1,251,0.9815,0.9960,0.0040,0.0185,0.9815,0.9815,0.9815,0.9775,0.9775,0.9636,6,6,0,10,1,10
15,WLNM_dir_neg_kfold,0.8194,0.3911,00:00:01,10,90,15,13360,fixed,0.5000,0.5000,0.6667,0.5714,4,4,2,8,0.6667,0.6667,0.3333,0.3333,0.5000,0.6667,0.5714,0.6667,0.5185,0.3077,0.3162,0.3333,61,55,6,0,61,0,55,0,6,18,54,0.1765,2.0927,6,4.1538,3.8571,2.9902,0.4984,0.2767,2.7440,0.9147,0.4959,3.5480,1.1827,0.5802,0.8194,0.3916,2.5000,0.3915,0.4030,45,0.0551,0.3414,0.2778,0.5000,0.2222,18,56,0.1830,2.1334,6.2222,4.3077,4.3077,2.8606,0.4597,0.2530,2.6097,0.8388,0.4603,3.5792,1.1504,0.5754,0.8290,0.3886,2.6250,0.3243,0.3429,40,0.0490,0.3484,0.2778,0.4444,0.2778,2,0.0065,0.0407,0.2222,0.1538,0.4505,-0.1296,-0.0386,-0.0238,-0.1343,-0.0758,-0.0356,0.0312,-0.0322,-0.0049,0.0095,-0.0030,0.1250,-0.0672,-0.0601,-5,-0.0061,0.0070,0,-0.0556,0.0556,52,4,2,248,0.9630,0.9841,0.0159,0.0370,0.9286,0.9630,0.9455,0.9337,0.9471,0.8966,8,6,0,10,1,10
16,WLNM_dir_neg_kfold,0.7778,0.5626,00:00:01,10,90,16,13361,fixed,0.5000,0.5000,0.6667,0.5714,4,4,2,8,0.6667,0.6667,0.3333,0.3333,0.5000,0.6667,0.5714,0.6667,0.5185,0.3077,0.3162,0.3333,61,55,6,0,61,0,55,0,6,18,54,0.1765,2.0927,6,4.1538,3.8571,2.9902,0.4984,0.2767,2.7440,0.9147,0.4959,3.5480,1.1827,0.5802,0.8194,0.3916,2.5000,0.3915,0.4030,45,0.0551,0.3414,0.2778,0.5000,0.2222,18,56,0.1830,2.1573,6.2222,4.3077,4.3077,3.1165,0.5009,0.2758,2.6983,0.8673,0.4742,3.5792,1.1504,0.5833,0.8422,0.3904,2.5000,0.4058,0.3936,45,0.0551,0.3304,0.2778,0.4444,0.2778,2,0.0065,0.0646,0.2222,0.1538,0.4505,0.1263,0.0025,-0.0010,-0.0456,-0.0473,-0.0217,0.0312,-0.0322,0.0031,0.0228,-0.0012,0,0.0144,-0.0094,0,0,-0.0109,0,-0.0556,0.0556,52,4,2,248,0.9630,0.9841,0.0159,0.0370,0.9286,0.9630,0.9455,0.9337,0.9471,0.8966,8,6,0,10,1,10
17,WLNM_dir_neg_kfold,0.9167,0.6949,00:00:01,10,90,17,13362,fixed,0.5000,0.8000,0.6667,0.7273,4,1,2,11,0.6667,0.9167,0.0833,0.3333,0.8000,0.6667,0.7273,0.8333,0.5741,0.6087,0.6139,0.5833,61,55,6,0,61,0,55,0,6,18,54,0.1765,2.0927,6,4.1538,3.8571,2.9902,0.4984,0.2767,2.7440,0.9147,0.4959,3.5480,1.1827,0.5802,0.8194,0.3916,2.5000,0.3915,0.4030,45,0.0551,0.3414,0.2778,0.5000,0.2222,18,53,0.1732,2.1045,5.8889,4.0769,4.0769,2.9682,0.5040,0.2767,2.6003,0.8831,0.4832,3.5558,1.2076,0.5964,0.8156,0.3876,2.5000,0.3973,0.3889,42,0.0515,0.3374,0.2778,0.4444,0.2778,-1,-0.0033,0.0118,-0.1111,-0.0769,0.2198,-0.0219,0.0057,-0.0000,-0.1437,-0.0315,-0.0127,0.0078,0.0250,0.0162,-0.0038,-0.0040,0,0.0058,-0.0141,-3,-0.0037,-0.0040,0,-0.0556,0.0556,52,1,2,251,0.9630,0.9960,0.0040,0.0370,0.9811,0.9630,0.9720,0.9661,0.9590,0.9455,5,6,0,10,1,10
18,WLNM_dir_neg_kfold,0.7917,0.6094,00:00:01,10,90,18,13363,fixed,0.5000,0.6667,0.6667,0.6667,4,2,2,10,0.6667,0.8333,0.1667,0.3333,0.6667,0.6667,0.6667,0.7778,0.5556,0.5000,0.5000,0.5000,61,55,6,0,61,0,55,0,6,18,54,0.1765,2.0927,6,4.1538,3.8571,2.9902,0.4984,0.2767,2.7440,0.9147,0.4959,3.5480,1.1827,0.5802,0.8194,0.3916,2.5000,0.3915,0.4030,45,0.0551,0.3414,0.2778,0.5000,0.2222,18,54,0.1765,2.0709,6,4.1538,4.1538,2.9506,0.4918,0.2726,2.5668,0.8556,0.4691,3.6782,1.2261,0.6029,0.7964,0.3846,2.5000,0.3769,0.3604,40,0.0490,0.3648,0.2778,0.4444,0.2778,0,0,-0.0217,0,0,0.2967,-0.0396,-0.0066,-0.0041,-0.1772,-0.0591,-0.0267,0.1302,0.0434,0.0226,-0.0230,-0.0070,0,-0.0146,-0.0426,-5,-0.0061,0.0234,0,-0.0556,0.0556,52,2,2,250,0.9630,0.9921,0.0079,0.0370,0.9630,0.9630,0.9630,0.9550,0.9550,0.9286,6,6,0,10,1,10
19,WLNM_dir_neg_kfold,0.7917,0.6094,00:00:01,10,90,19,13364,fixed,0.5000,0.7500,0.5000,0.6000,3,1,3,11,0.5000,0.9167,0.0833,0.5000,0.7500,0.5000,0.6000,0.7778,0.5926,0.4545,0.4725,0.4167,61,55,6,0,61,0,55,0,6,18,54,0.1765,2.0927,6,4.1538,3.8571,2.9902,0.4984,0.2767,2.7440,0.9147,0.4959,3.5480,1.1827,0.5802,0.8194,0.3916,2.5000,0.3915,0.4030,45,0.0551,0.3414,0.2778,0.5000,0.2222,18,52,0.1699,2.0394,5.7778,4,4,2.9216,0.5057,0.2788,2.4707,0.8553,0.4679,3.6604,1.2671,0.6090,0.7532,0.3693,2,0.3442,0.3473,36,0.0441,0.3643,0.2778,0.4444,0.2778,-2,-0.0065,-0.0533,-0.2222,-0.1538,0.1429,-0.0685,0.0073,0.0021,-0.2732,-0.0594,-0.0279,0.1124,0.0844,0.0287,-0.0662,-0.0223,-0.5000,-0.0472,-0.0557,-9,-0.0110,0.0229,0,-0.0556,0.0556,51,1,3,251,0.9444,0.9960,0.0040,0.0556,0.9808,0.9444,0.9623,0.9546,0.9405,0.9273,4,6,0,10,1,10
20,WLNM_dir_neg_kfold,0.9861,0.8075,00:00:01,10,90,20,13365,fixed,0.5000,1,0.8333,0.9091,5,0,1,12,0.8333,1,0,0.1667,1,0.8333,0.9091,0.9444,0.5741,0.8696,0.8771,0.8333,61,55,6,0,61,0,55,0,6,18,54,0.1765,2.0927,6,4.1538,3.8571,2.9902,0.4984,0.2767,2.7440,0.9147,0.4959,3.5480,1.1827,0.5802,0.8194,0.3916,2.5000,0.3915,0.4030,45,0.0551,0.3414,0.2778,0.5000,0.2222,18,53,0.1732,2.0866,5.8889,4.0769,4.0769,2.9283,0.4973,0.2757,2.6228,0.8908,0.4874,3.5887,1.2188,0.6006,0.8124,0.3893,2.5000,0.3704,0.3645,39,0.0478,0.3465,0.2778,0.4444,0.2778,-1,-0.0033,-0.0060,-0.1111,-0.0769,0.2198,-0.0618,-0.0011,-0.0011,-0.1212,-0.0239,-0.0085,0.0408,0.0362,0.0204,-0.0070,-0.0022,0,-0.0211,-0.0385,-6,-0.0074,0.0051,0,-0.0556,0.0556,53,0,1,252,0.9815,1,0,0.0185,1,0.9815,0.9907,0.9887,0.9815,0.9815,5,6,0,10,1,10
21,WLNM_dir_neg_kfold,0.9028,0.4065,00:00:01,10,90,1,14346,fixed,0.5000,1,0.6667,0.8000,4,0,2,12,0.6667,1,0,0.3333,1,0.6667,0.8000,0.8889,0.5926,0.7273,0.7559,0.6667,61,55,6,0,61,0,55,0,6,18,54,0.1765,2.0927,6,4.1538,3.8571,2.9902,0.4984,0.2767,2.7440,0.9147,0.4959,3.5480,1.1827,0.5802,0.8194,0.3916,2.5000,0.3915,0.4030,45,0.0551,0.3414,0.2778,0.5000,0.2222,18,52,0.1699,2.0753,5.7778,4,3.7143,2.9616,0.5126,0.2853,2.6983,0.9340,0.5021,3.4109,1.1807,0.5791,0.7886,0.3800,2.0605,0.3487,0.3846,40,0.0490,0.3264,0.2778,0.5000,0.2222,-2,-0.0065,-0.0174,-0.2222,-0.1538,-0.1429,-0.0286,0.0142,0.0085,-0.0456,0.0194,0.0063,-0.1371,-0.0020,-0.0012,-0.0308,-0.0116,-0.4395,-0.0428,-0.0184,-5,-0.0061,-0.0150,0,0,0,52,0,2,252,0.9630,1,0,0.0370,1,0.9630,0.9811,0.9774,0.9630,0.9630,4,6,0,10,2,10
22,WLNM_dir_neg_kfold,0.9306,0.5871,00:00:01,10,90,2,14347,fixed,0.5000,0.8333,0.8333,0.8333,5,1,1,11,0.8333,0.9167,0.0833,0.1667,0.8333,0.8333,0.8333,0.8889,0.5556,0.7500,0.7500,0.7500,61,55,6,0,61,0,55,0,6,18,54,0.1765,2.0927,6,4.1538,3.8571,2.9902,0.4984,0.2767,2.7440,0.9147,0.4959,3.5480,1.1827,0.5802,0.8194,0.3916,2.5000,0.3915,0.4030,45,0.0551,0.3414,0.2778,0.5000,0.2222,18,54,0.1765,2.0744,6,4.1538,3.8571,3.1436,0.5239,0.2901,2.8284,0.9428,0.5103,3.4979,1.1660,0.5700,0.7850,0.3784,2.0589,0.3689,0.4123,47,0.0576,0.3340,0.2778,0.5000,0.2222,0,0,-0.0183,0,0,0,0.1534,0.0256,0.0134,0.0844,0.0281,0.0144,-0.0501,-0.0167,-0.0103,-0.0344,-0.0131,-0.4411,-0.0225,0.0093,2,0.0025,-0.0074,0,0,0,53,1,1,251,0.9815,0.9960,0.0040,0.0185,0.9815,0.9815,0.9815,0.9775,0.9775,0.9636,6,6,0,10,2,10
23,WLNM_dir_neg_kfold,0.8889,0.6946,00:00:01,10,90,3,14348,fixed,0.5000,0.6250,0.8333,0.7143,5,3,1,9,0.8333,0.7500,0.2500,0.1667,0.6250,0.8333,0.7143,0.7778,0.5185,0.5385,0.5534,0.5833,61,55,6,0,61,0,55,0,6,18,54,0.1765,2.0927,6,4.1538,3.8571,2.9902,0.4984,0.2767,2.7440,0.9147,0.4959,3.5480,1.1827,0.5802,0.8194,0.3916,2.5000,0.3915,0.4030,45,0.0551,0.3414,0.2778,0.5000,0.2222,18,56,0.1830,2.0463,6.2222,4.3077,4,3.2095,0.5158,0.2857,2.9283,0.9413,0.5060,3.6604,1.1766,0.5774,0.7583,0.3706,2.0530,0.3548,0.4076,50,0.0613,0.3549,0.2778,0.5000,0.2222,2,0.0065,-0.0464,0.2222,0.1538,0.1429,0.2193,0.0174,0.0090,0.1844,0.0266,0.0101,0.1124,-0.0061,-0.0029,-0.0611,-0.0210,-0.4470,-0.0367,0.0046,5,0.0061,0.0135,0,0,0,53,3,1,249,0.9815,0.9881,0.0119,0.0185,0.9464,0.9815,0.9636,0.9559,0.9696,0.9298,8,6,0,10,2,10
24,WLNM_dir_neg_kfold,0.7778,0.4736,00:00:01,10,90,4,14349,fixed,0.5000,0.8000,0.6667,0.7273,4,1,2,11,0.6667,0.9167,0.0833,0.3333,0.8000,0.6667,0.7273,0.8333,0.5741,0.6087,0.6139,0.5833,61,55,6,0,61,0,55,0,6,18,54,0.1765,2.0927,6,4.1538,3.8571,2.9902,0.4984,0.2767,2.7440,0.9147,0.4959,3.5480,1.1827,0.5802,0.8194,0.3916,2.5000,0.3915,0.4030,45,0.0551,0.3414,0.2778,0.5000,0.2222,18,53,0.1732,2.2679,5.8889,3.7857,3.7857,3.1228,0.5303,0.2956,2.6451,0.8983,0.4832,3.5392,1.2020,0.5860,0.7933,0.3498,2.2906,0.4425,0.4441,49,0.0600,0.3050,0.2222,0.5556,0.2222,-1,-0.0033,0.1753,-0.1111,-0.3681,-0.0714,0.1326,0.0319,0.0188,-0.0988,-0.0163,-0.0127,-0.0088,0.0193,0.0057,-0.0262,-0.0418,-0.2094,0.0510,0.0411,4,0.0049,-0.0364,-0.0556,0.0556,0,52,1,2,251,0.9630,0.9960,0.0040,0.0370,0.9811,0.9630,0.9720,0.9661,0.9590,0.9455,5,6,0,10,2,10
25,WLNM_dir_neg_kfold,0.7917,0.1434,00:00:01,10,90,5,14350,fixed,0.5000,0.6667,0.6667,0.6667,4,2,2,10,0.6667,0.8333,0.1667,0.3333,0.6667,0.6667,0.6667,0.7778,0.5556,0.5000,0.5000,0.5000,61,55,6,0,61,0,55,0,6,18,54,0.1765,2.0927,6,4.1538,3.8571,2.9902,0.4984,0.2767,2.7440,0.9147,0.4959,3.5480,1.1827,0.5802,0.8194,0.3916,2.5000,0.3915,0.4030,45,0.0551,0.3414,0.2778,0.5000,0.2222,18,54,0.1765,1.9971,6,4.1538,3.8571,2.8697,0.4783,0.2654,2.6346,0.8782,0.4753,3.5147,1.1716,0.5741,0.7064,0.3537,1.9698,0.2929,0.3647,40,0.0490,0.3440,0.2778,0.5000,0.2222,0,0,-0.0956,0,0,0,-0.1205,-0.0201,-0.0113,-0.1094,-0.0365,-0.0206,-0.0333,-0.0111,-0.0062,-0.1130,-0.0379,-0.5302,-0.0986,-0.0382,-5,-0.0061,0.0026,0,0,0,52,2,2,250,0.9630,0.9921,0.0079,0.0370,0.9630,0.9630,0.9630,0.9550,0.9550,0.9286,6,6,0,10,2,10
26,WLNM_dir_neg_kfold,0.9306,0.7538,00:00:01,10,90,6,14351,fixed,0.5000,0.8333,0.8333,0.8333,5,1,1,11,0.8333,0.9167,0.0833,0.1667,0.8333,0.8333,0.8333,0.8889,0.5556,0.7500,0.7500,0.7500,61,55,6,0,61,0,55,0,6,18,54,0.1765,2.0927,6,4.1538,3.8571,2.9902,0.4984,0.2767,2.7440,0.9147,0.4959,3.5480,1.1827,0.5802,0.8194,0.3916,2.5000,0.3915,0.4030,45,0.0551,0.3414,0.2778,0.5000,0.2222,18,54,0.1765,2.0155,6,4.1538,3.8571,3.1623,0.5270,0.2932,2.7440,0.9147,0.4959,3.6461,1.2154,0.5885,0.7252,0.3598,2,0.3725,0.4186,48,0.0588,0.3587,0.2778,0.5000,0.2222,0,0,-0.0772,0,0,0,0.1721,0.0287,0.0165,0,0,0,0.0981,0.0327,0.0082,-0.0942,-0.0317,-0.5000,-0.0190,0.0156,3,0.0037,0.0173,0,0,0,53,1,1,251,0.9815,0.9960,0.0040,0.0185,0.9815,0.9815,0.9815,0.9775,0.9775,0.9636,6,6,0,10,2,10
27,WLNM_dir_neg_kfold,0.8611,0.7257,00:00:01,10,90,7,14352,fixed,0.5000,0.5556,0.8333,0.6667,5,4,1,8,0.8333,0.6667,0.3333,0.1667,0.5556,0.8333,0.6667,0.7222,0.5000,0.4444,0.4714,0.5000,61,55,6,0,61,0,55,0,6,18,54,0.1765,2.0927,6,4.1538,3.8571,2.9902,0.4984,0.2767,2.7440,0.9147,0.4959,3.5480,1.1827,0.5802,0.8194,0.3916,2.5000,0.3915,0.4030,45,0.0551,0.3414,0.2778,0.5000,0.2222,18,57,0.1863,2.0722,6.3333,4.3846,4.0714,3.1060,0.4904,0.2710,2.8543,0.9014,0.4922,3.4513,1.0899,0.5390,0.7564,0.3650,2,0.3666,0.4202,50,0.0613,0.3159,0.2778,0.5000,0.2222,3,0.0098,-0.0204,0.3333,0.2308,0.2143,0.1158,-0.0079,-0.0058,0.1103,-0.0133,-0.0037,-0.0966,-0.0928,-0.0413,-0.0631,-0.0266,-0.5000,-0.0249,0.0172,5,0.0061,-0.0255,0,0,0,53,4,1,248,0.9815,0.9841,0.0159,0.0185,0.9298,0.9815,0.9550,0.9455,0.9656,0.9138,9,6,0,10,2,10
28,WLNM_dir_neg_kfold,0.8611,0.7257,00:00:01,10,90,8,14353,fixed,0.5000,0.6250,0.8333,0.7143,5,3,1,9,0.8333,0.7500,0.2500,0.1667,0.6250,0.8333,0.7143,0.7778,0.5185,0.5385,0.5534,0.5833,61,55,6,0,61,0,55,0,6,18,54,0.1765,2.0927,6,4.1538,3.8571,2.9902,0.4984,0.2767,2.7440,0.9147,0.4959,3.5480,1.1827,0.5802,0.8194,0.3916,2.5000,0.3915,0.4030,45,0.0551,0.3414,0.2778,0.5000,0.2222,18,56,0.1830,2.1130,6.2222,4.3077,4,3.0400,0.4886,0.2688,2.7842,0.8949,0.4861,3.5295,1.1345,0.5655,0.8088,0.3828,2.2292,0.3802,0.4106,49,0.0600,0.3310,0.2778,0.5000,0.2222,2,0.0065,0.0203,0.2222,0.1538,0.1429,0.0499,-0.0098,-0.0079,0.0402,-0.0197,-0.0098,-0.0185,-0.0482,-0.0148,-0.0106,-0.0088,-0.2708,-0.0113,0.0076,4,0.0049,-0.0104,0,0,0,53,3,1,249,0.9815,0.9881,0.0119,0.0185,0.9464,0.9815,0.9636,0.9559,0.9696,0.9298,8,6,0,10,2,10
29,WLNM_dir_neg_kfold,0.8472,0.6675,00:00:01,10,90,9,14354,fixed,0.5000,0.6250,0.8333,0.7143,5,3,1,9,0.8333,0.7500,0.2500,0.1667,0.6250,0.8333,0.7143,0.7778,0.5185,0.5385,0.5534,0.5833,61,55,6,0,61,0,55,0,6,18,54,0.1765,2.0927,6,4.1538,3.8571,2.9902,0.4984,0.2767,2.7440,0.9147,0.4959,3.5480,1.1827,0.5802,0.8194,0.3916,2.5000,0.3915,0.4030,45,0.0551,0.3414,0.2778,0.5000,0.2222,18,56,0.1830,2.3851,6.2222,4,4,3.0975,0.4978,0.2768,2.8261,0.9084,0.4921,3.5956,1.1557,0.5635,0.9939,0.4167,3,0.3614,0.3989,48,0.0588,0.3051,0.2222,0.5556,0.2222,2,0.0065,0.2925,0.2222,-0.1538,0.1429,0.1074,-0.0005,0.0000,0.0821,-0.0063,-0.0038,0.0476,-0.0269,-0.0168,0.1745,0.0251,0.5000,-0.0301,-0.0041,3,0.0037,-0.0363,-0.0556,0.0556,0,53,3,1,249,0.9815,0.9881,0.0119,0.0185,0.9464,0.9815,0.9636,0.9559,0.9696,0.9298,8,6,0,10,2,10
30,WLNM_dir_neg_kfold,0.8333,0.6557,00:00:01,10,90,10,14355,fixed,0.5000,0.5000,0.6667,0.5714,4,4,2,8,0.6667,0.6667,0.3333,0.3333,0.5000,0.6667,0.5714,0.6667,0.5185,0.3077,0.3162,0.3333,61,55,6,0,61,0,55,0,6,18,54,0.1765,2.0927,6,4.1538,3.8571,2.9902,0.4984,0.2767,2.7440,0.9147,0.4959,3.5480,1.1827,0.5802,0.8194,0.3916,2.5000,0.3915,0.4030,45,0.0551,0.3414,0.2778,0.5000,0.2222,18,56,0.1830,1,6.2222,3.5000,3.7333,2.9814,0.4792,0.2649,2.5412,0.8168,0.4365,3.3762,1.0852,0.5417,0,0,0,0.3223,0.3774,40,0.0490,0.2361,0.1111,0.7222,0.1667,2,0.0065,-1.0927,0.2222,-0.6538,-0.1238,-0.0088,-0.0192,-0.0119,-0.2028,-0.0979,-0.0594,-0.1718,-0.0975,-0.0386,-0.8194,-0.3916,-2.5000,-0.0692,-0.0256,-5,-0.0061,-0.1052,-0.1667,0.2222,-0.0556,52,4,2,248,0.9630,0.9841,0.0159,0.0370,0.9286,0.9630,0.9455,0.9337,0.9471,0.8966,8,6,0,10,2,10
31,WLNM_dir_neg_kfold,0.9167,0.7462,00:00:01,10,90,11,14356,fixed,0.5000,1,0.8333,0.9091,5,0,1,12,0.8333,1,0,0.1667,1,0.8333,0.9091,0.9444,0.5741,0.8696,0.8771,0.8333,61,55,6,0,61,0,55,0,6,18,54,0.1765,2.0927,6,4.1538,3.8571,2.9902,0.4984,0.2767,2.7440,0.9147,0.4959,3.5480,1.1827,0.5802,0.8194,0.3916,2.5000,0.3915,0.4030,45,0.0551,0.3414,0.2778,0.5000,0.2222,18,53,0.1732,2.0649,5.8889,4.0769,3.7857,3.0849,0.5238,0.2914,2.7754,0.9426,0.5084,3.5226,1.1963,0.5818,0.7762,0.3759,2.0418,0.3618,0.4012,44,0.0539,0.3407,0.2778,0.5000,0.2222,-1,-0.0033,-0.0278,-0.1111,-0.0769,-0.0714,0.0947,0.0255,0.0147,0.0314,0.0279,0.0125,-0.0254,0.0137,0.0015,-0.0432,-0.0156,-0.4582,-0.0297,-0.0018,-1,-0.0012,-0.0007,0,0,0,53,0,1,252,0.9815,1,0,0.0185,1,0.9815,0.9907,0.9887,0.9815,0.9815,5,6,0,10,2,10
32,WLNM_dir_neg_kfold,0.8750,0.3549,00:00:01,10,90,12,14357,fixed,0.5000,0.7143,0.8333,0.7692,5,2,1,10,0.8333,0.8333,0.1667,0.1667,0.7143,0.8333,0.7692,0.8333,0.5370,0.6400,0.6447,0.6667,61,55,6,0,61,0,55,0,6,18,54,0.1765,2.0927,6,4.1538,3.8571,2.9902,0.4984,0.2767,2.7440,0.9147,0.4959,3.5480,1.1827,0.5802,0.8194,0.3916,2.5000,0.3915,0.4030,45,0.0551,0.3414,0.2778,0.5000,0.2222,18,55,0.1797,2.4584,6.1111,3.6667,3.9286,3.1039,0.5079,0.2828,2.6673,0.8729,0.4697,3.7647,1.2321,0.5929,0.9321,0.3792,3,0.4281,0.3920,46,0.0564,0.2964,0.1667,0.6111,0.2222,1,0.0033,0.3657,0.1111,-0.4872,0.0714,0.1137,0.0095,0.0061,-0.0767,-0.0417,-0.0262,0.2167,0.0494,0.0127,0.1127,-0.0124,0.5000,0.0366,-0.0109,1,0.0012,-0.0450,-0.1111,0.1111,0,53,2,1,250,0.9815,0.9921,0.0079,0.0185,0.9636,0.9815,0.9725,0.9666,0.9735,0.9464,7,6,0,10,2,10
33,WLNM_dir_neg_kfold,0.8056,0.6674,00:00:01,10,90,13,14358,fixed,0.5000,0.7143,0.8333,0.7692,5,2,1,10,0.8333,0.8333,0.1667,0.1667,0.7143,0.8333,0.7692,0.8333,0.5370,0.6400,0.6447,0.6667,61,55,6,0,61,0,55,0,6,18,54,0.1765,2.0927,6,4.1538,3.8571,2.9902,0.4984,0.2767,2.7440,0.9147,0.4959,3.5480,1.1827,0.5802,0.8194,0.3916,2.5000,0.3915,0.4030,45,0.0551,0.3414,0.2778,0.5000,0.2222,18,55,0.1797,2.0364,6.1111,4.2308,3.9286,2.9880,0.4889,0.2707,2.7541,0.9013,0.4899,3.5058,1.1474,0.5667,0.7301,0.3586,2,0.3551,0.4075,47,0.0576,0.3290,0.2778,0.5000,0.2222,1,0.0033,-0.0563,0.1111,0.0769,0.0714,-0.0022,-0.0094,-0.0060,0.0101,-0.0133,-0.0060,-0.0422,-0.0353,-0.0136,-0.0893,-0.0330,-0.5000,-0.0364,0.0045,2,0.0025,-0.0124,0,0,0,53,2,1,250,0.9815,0.9921,0.0079,0.0185,0.9636,0.9815,0.9725,0.9666,0.9735,0.9464,7,6,0,10,2,10
34,WLNM_dir_neg_kfold,0.9444,0.7438,00:00:01,10,90,14,14359,fixed,0.5000,0.8333,0.8333,0.8333,5,1,1,11,0.8333,0.9167,0.0833,0.1667,0.8333,0.8333,0.8333,0.8889,0.5556,0.7500,0.7500,0.7500,61,55,6,0,61,0,55,0,6,18,54,0.1765,2.0927,6,4.1538,3.8571,2.9902,0.4984,0.2767,2.7440,0.9147,0.4959,3.5480,1.1827,0.5802,0.8194,0.3916,2.5000,0.3915,0.4030,45,0.0551,0.3414,0.2778,0.5000,0.2222,18,54,0.1765,2.0804,6,4.1538,3.8571,3.1436,0.5239,0.2901,2.8284,0.9428,0.5103,3.5314,1.1771,0.5782,0.7838,0.3768,2.0427,0.3689,0.4123,47,0.0576,0.3385,0.2778,0.5000,0.2222,0,0,-0.0123,0,0,0,0.1534,0.0256,0.0134,0.0844,0.0281,0.0144,-0.0166,-0.0055,-0.0021,-0.0356,-0.0148,-0.4573,-0.0225,0.0093,2,0.0025,-0.0029,0,0,0,53,1,1,251,0.9815,0.9960,0.0040,0.0185,0.9815,0.9815,0.9815,0.9775,0.9775,0.9636,6,6,0,10,2,10
35,WLNM_dir_neg_kfold,0.8472,0.2221,00:00:01,10,90,15,14360,fixed,0.5000,1,0.8333,0.9091,5,0,1,12,0.8333,1,0,0.1667,1,0.8333,0.9091,0.9444,0.5741,0.8696,0.8771,0.8333,61,55,6,0,61,0,55,0,6,18,54,0.1765,2.0927,6,4.1538,3.8571,2.9902,0.4984,0.2767,2.7440,0.9147,0.4959,3.5480,1.1827,0.5802,0.8194,0.3916,2.5000,0.3915,0.4030,45,0.0551,0.3414,0.2778,0.5000,0.2222,18,53,0.1732,2.0649,5.8889,4.0769,3.7857,3.0849,0.5238,0.2914,2.7754,0.9426,0.5084,3.5226,1.1963,0.5818,0.7762,0.3759,2.0418,0.3618,0.4012,44,0.0539,0.3407,0.2778,0.5000,0.2222,-1,-0.0033,-0.0278,-0.1111,-0.0769,-0.0714,0.0947,0.0255,0.0147,0.0314,0.0279,0.0125,-0.0254,0.0137,0.0015,-0.0432,-0.0156,-0.4582,-0.0297,-0.0018,-1,-0.0012,-0.0007,0,0,0,53,0,1,252,0.9815,1,0,0.0185,1,0.9815,0.9907,0.9887,0.9815,0.9815,5,6,0,10,2,10
36,WLNM_dir_neg_kfold,0.9167,0.5566,00:00:01,10,90,16,14361,fixed,0.5000,0.7143,0.8333,0.7692,5,2,1,10,0.8333,0.8333,0.1667,0.1667,0.7143,0.8333,0.7692,0.8333,0.5370,0.6400,0.6447,0.6667,61,55,6,0,61,0,55,0,6,18,54,0.1765,2.0927,6,4.1538,3.8571,2.9902,0.4984,0.2767,2.7440,0.9147,0.4959,3.5480,1.1827,0.5802,0.8194,0.3916,2.5000,0.3915,0.4030,45,0.0551,0.3414,0.2778,0.5000,0.2222,18,55,0.1797,2.2671,6.1111,3.9286,3.9286,3.3412,0.5467,0.3040,2.6892,0.8801,0.4778,3.7647,1.2321,0.5929,0.7923,0.3495,2.2890,0.4655,0.4767,58,0.0711,0.3324,0.2222,0.5556,0.2222,1,0.0033,0.1744,0.1111,-0.2253,0.0714,0.3510,0.0484,0.0273,-0.0547,-0.0345,-0.0181,0.2167,0.0494,0.0127,-0.0271,-0.0421,-0.2110,0.0741,0.0737,13,0.0159,-0.0090,-0.0556,0.0556,0,53,2,1,250,0.9815,0.9921,0.0079,0.0185,0.9636,0.9815,0.9725,0.9666,0.9735,0.9464,7,6,0,10,2,10
37,WLNM_dir_neg_kfold,0.9028,0.2399,00:00:01,10,90,17,14362,fixed,0.5000,1,0.8333,0.9091,5,0,1,12,0.8333,1,0,0.1667,1,0.8333,0.9091,0.9444,0.5741,0.8696,0.8771,0.8333,61,55,6,0,61,0,55,0,6,18,54,0.1765,2.0927,6,4.1538,3.8571,2.9902,0.4984,0.2767,2.7440,0.9147,0.4959,3.5480,1.1827,0.5802,0.8194,0.3916,2.5000,0.3915,0.4030,45,0.0551,0.3414,0.2778,0.5000,0.2222,18,53,0.1732,2.0649,5.8889,4.0769,3.7857,3.0849,0.5238,0.2914,2.7754,0.9426,0.5084,3.5226,1.1963,0.5818,0.7762,0.3759,2.0418,0.3618,0.4012,44,0.0539,0.3407,0.2778,0.5000,0.2222,-1,-0.0033,-0.0278,-0.1111,-0.0769,-0.0714,0.0947,0.0255,0.0147,0.0314,0.0279,0.0125,-0.0254,0.0137,0.0015,-0.0432,-0.0156,-0.4582,-0.0297,-0.0018,-1,-0.0012,-0.0007,0,0,0,53,0,1,252,0.9815,1,0,0.0185,1,0.9815,0.9907,0.9887,0.9815,0.9815,5,6,0,10,2,10
38,WLNM_dir_neg_kfold,0.8750,0.2039,00:00:01,10,90,18,14363,fixed,0.5000,0.8333,0.8333,0.8333,5,1,1,11,0.8333,0.9167,0.0833,0.1667,0.8333,0.8333,0.8333,0.8889,0.5556,0.7500,0.7500,0.7500,61,55,6,0,61,0,55,0,6,18,54,0.1765,2.0927,6,4.1538,3.8571,2.9902,0.4984,0.2767,2.7440,0.9147,0.4959,3.5480,1.1827,0.5802,0.8194,0.3916,2.5000,0.3915,0.4030,45,0.0551,0.3414,0.2778,0.5000,0.2222,18,54,0.1765,2.5702,6,4.1538,3.8571,3.0870,0.5145,0.2850,2.7440,0.9147,0.4959,3.5480,1.1827,0.5802,1.3529,0.5264,4,0.3618,0.4012,44,0.0539,0.3471,0.2778,0.5000,0.2222,0,0,0.4775,0,0,0,0.0968,0.0161,0.0082,0,0,0,0,0,0,0.5335,0.1348,1.5000,-0.0297,-0.0018,-1,-0.0012,0.0058,0,0,0,53,1,1,251,0.9815,0.9960,0.0040,0.0185,0.9815,0.9815,0.9815,0.9775,0.9775,0.9636,6,6,0,10,2,10
39,WLNM_dir_neg_kfold,0.8194,0.1884,00:00:01,10,90,19,14364,fixed,0.5000,0.8333,0.8333,0.8333,5,1,1,11,0.8333,0.9167,0.0833,0.1667,0.8333,0.8333,0.8333,0.8889,0.5556,0.7500,0.7500,0.7500,61,55,6,0,61,0,55,0,6,18,54,0.1765,2.0927,6,4.1538,3.8571,2.9902,0.4984,0.2767,2.7440,0.9147,0.4959,3.5480,1.1827,0.5802,0.8194,0.3916,2.5000,0.3915,0.4030,45,0.0551,0.3414,0.2778,0.5000,0.2222,18,54,0.1765,2.0371,6,4.1538,3.8571,3.0870,0.5145,0.2870,2.7440,0.9147,0.4959,3.6461,1.2154,0.5885,0.7493,0.3678,2.0418,0.3381,0.3882,44,0.0539,0.3587,0.2778,0.5000,0.2222,0,0,-0.0556,0,0,0,0.0968,0.0161,0.0103,0,0,0,0.0981,0.0327,0.0082,-0.0701,-0.0237,-0.4582,-0.0534,-0.0147,-1,-0.0012,0.0173,0,0,0,53,1,1,251,0.9815,0.9960,0.0040,0.0185,0.9815,0.9815,0.9815,0.9775,0.9775,0.9636,6,6,0,10,2,10
40,WLNM_dir_neg_kfold,0.8333,0.6131,00:00:01,10,90,20,14365,fixed,0.5000,0.8333,0.8333,0.8333,5,1,1,11,0.8333,0.9167,0.0833,0.1667,0.8333,0.8333,0.8333,0.8889,0.5556,0.7500,0.7500,0.7500,61,55,6,0,61,0,55,0,6,18,54,0.1765,2.0927,6,4.1538,3.8571,2.9902,0.4984,0.2767,2.7440,0.9147,0.4959,3.5480,1.1827,0.5802,0.8194,0.3916,2.5000,0.3915,0.4030,45,0.0551,0.3414,0.2778,0.5000,0.2222,18,54,0.1765,2.0804,6,4.1538,3.8571,3.1436,0.5239,0.2901,2.8284,0.9428,0.5103,3.5314,1.1771,0.5782,0.7838,0.3768,2.0427,0.3689,0.4123,47,0.0576,0.3385,0.2778,0.5000,0.2222,0,0,-0.0123,0,0,0,0.1534,0.0256,0.0134,0.0844,0.0281,0.0144,-0.0166,-0.0055,-0.0021,-0.0356,-0.0148,-0.4573,-0.0225,0.0093,2,0.0025,-0.0029,0,0,0,53,1,1,251,0.9815,0.9960,0.0040,0.0185,0.9815,0.9815,0.9815,0.9775,0.9775,0.9636,6,6,0,10,2,10
41,WLNM_dir_neg_kfold,0.9028,0.4065,00:00:01,10,90,1,15346,fixed,0.5000,1,0.6667,0.8000,4,0,2,12,0.6667,1,0,0.3333,1,0.6667,0.8000,0.8889,0.5926,0.7273,0.7559,0.6667,61,55,6,0,61,0,55,0,6,18,54,0.1765,2.0927,6,4.1538,3.8571,2.9902,0.4984,0.2767,2.7440,0.9147,0.4959,3.5480,1.1827,0.5802,0.8194,0.3916,2.5000,0.3915,0.4030,45,0.0551,0.3414,0.2778,0.5000,0.2222,18,52,0.1699,2.0609,5.7778,4,3.7143,2.9216,0.5057,0.2799,2.6544,0.9188,0.4936,3.5956,1.2446,0.5983,0.8043,0.3902,2.5000,0.3704,0.3645,39,0.0478,0.3580,0.2778,0.5000,0.2222,-2,-0.0065,-0.0317,-0.2222,-0.1538,-0.1429,-0.0685,0.0073,0.0032,-0.0896,0.0042,-0.0023,0.0476,0.0620,0.0180,-0.0152,-0.0013,0,-0.0211,-0.0385,-6,-0.0074,0.0166,0,0,0,52,0,2,252,0.9630,1,0,0.0370,1,0.9630,0.9811,0.9774,0.9630,0.9630,4,6,0,10,3,10
42,WLNM_dir_neg_kfold,0.8056,0.6390,00:00:01,10,90,2,15347,fixed,0.5000,1,0.6667,0.8000,4,0,2,12,0.6667,1,0,0.3333,1,0.6667,0.8000,0.8889,0.5926,0.7273,0.7559,0.6667,61,55,6,0,61,0,55,0,6,18,54,0.1765,2.0927,6,4.1538,3.8571,2.9902,0.4984,0.2767,2.7440,0.9147,0.4959,3.5480,1.1827,0.5802,0.8194,0.3916,2.5000,0.3915,0.4030,45,0.0551,0.3414,0.2778,0.5000,0.2222,18,52,0.1699,2.0609,5.7778,4,3.7143,2.9216,0.5057,0.2799,2.6544,0.9188,0.4936,3.5956,1.2446,0.5983,0.8043,0.3902,2.5000,0.3704,0.3645,39,0.0478,0.3580,0.2778,0.5000,0.2222,-2,-0.0065,-0.0317,-0.2222,-0.1538,-0.1429,-0.0685,0.0073,0.0032,-0.0896,0.0042,-0.0023,0.0476,0.0620,0.0180,-0.0152,-0.0013,0,-0.0211,-0.0385,-6,-0.0074,0.0166,0,0,0,52,0,2,252,0.9630,1,0,0.0370,1,0.9630,0.9811,0.9774,0.9630,0.9630,4,6,0,10,3,10
43,WLNM_dir_neg_kfold,0.8472,0.4916,00:00:01,10,90,3,15348,fixed,0.5000,1,0.6667,0.8000,4,0,2,12,0.6667,1,0,0.3333,1,0.6667,0.8000,0.8889,0.5926,0.7273,0.7559,0.6667,61,55,6,0,61,0,55,0,6,18,54,0.1765,2.0927,6,4.1538,3.8571,2.9902,0.4984,0.2767,2.7440,0.9147,0.4959,3.5480,1.1827,0.5802,0.8194,0.3916,2.5000,0.3915,0.4030,45,0.0551,0.3414,0.2778,0.5000,0.2222,18,52,0.1699,2.0609,5.7778,4,3.7143,2.9216,0.5057,0.2799,2.6544,0.9188,0.4936,3.5956,1.2446,0.5983,0.8043,0.3902,2.5000,0.3704,0.3645,39,0.0478,0.3580,0.2778,0.5000,0.2222,-2,-0.0065,-0.0317,-0.2222,-0.1538,-0.1429,-0.0685,0.0073,0.0032,-0.0896,0.0042,-0.0023,0.0476,0.0620,0.0180,-0.0152,-0.0013,0,-0.0211,-0.0385,-6,-0.0074,0.0166,0,0,0,52,0,2,252,0.9630,1,0,0.0370,1,0.9630,0.9811,0.9774,0.9630,0.9630,4,6,0,10,3,10
44,WLNM_dir_neg_kfold,0.9028,0.7022,00:00:01,10,90,4,15349,fixed,0.5000,0.8000,0.6667,0.7273,4,1,2,11,0.6667,0.9167,0.0833,0.3333,0.8000,0.6667,0.7273,0.8333,0.5741,0.6087,0.6139,0.5833,61,55,6,0,61,0,55,0,6,18,54,0.1765,2.0927,6,4.1538,3.8571,2.9902,0.4984,0.2767,2.7440,0.9147,0.4959,3.5480,1.1827,0.5802,0.8194,0.3916,2.5000,0.3915,0.4030,45,0.0551,0.3414,0.2778,0.5000,0.2222,18,53,0.1732,2.0883,5.8889,4.0769,3.7857,2.9283,0.4973,0.2757,2.6892,0.9133,0.4916,3.6376,1.2354,0.5985,0.8108,0.3882,2.5000,0.3555,0.3524,39,0.0478,0.3586,0.2778,0.5000,0.2222,-1,-0.0033,-0.0044,-0.1111,-0.0769,-0.0714,-0.0618,-0.0011,-0.0011,-0.0547,-0.0013,-0.0043,0.0896,0.0527,0.0183,-0.0086,-0.0033,0,-0.0359,-0.0506,-6,-0.0074,0.0173,0,0,0,52,1,2,251,0.9630,0.9960,0.0040,0.0370,0.9811,0.9630,0.9720,0.9661,0.9590,0.9455,5,6,0,10,3,10
45,WLNM_dir_neg_kfold,0.9444,0.7206,00:00:01,10,90,5,15350,fixed,0.5000,0.8333,0.8333,0.8333,5,1,1,11,0.8333,0.9167,0.0833,0.1667,0.8333,0.8333,0.8333,0.8889,0.5556,0.7500,0.7500,0.7500,61,55,6,0,61,0,55,0,6,18,54,0.1765,2.0927,6,4.1538,3.8571,2.9902,0.4984,0.2767,2.7440,0.9147,0.4959,3.5480,1.1827,0.5802,0.8194,0.3916,2.5000,0.3915,0.4030,45,0.0551,0.3414,0.2778,0.5000,0.2222,18,54,0.1765,2.1130,6,4.1538,3.6000,2.9704,0.4951,0.2726,2.7008,0.9003,0.4856,3.5314,1.1771,0.5679,0.8180,0.3871,2.5000,0.3704,0.3645,39,0.0478,0.3342,0.2778,0.5556,0.1667,0,0,0.0203,0,0,-0.2571,-0.0197,-0.0033,-0.0041,-0.0432,-0.0144,-0.0103,-0.0166,-0.0055,-0.0123,-0.0014,-0.0044,0,-0.0211,-0.0385,-6,-0.0074,-0.0072,0,0.0556,-0.0556,53,1,1,251,0.9815,0.9960,0.0040,0.0185,0.9815,0.9815,0.9815,0.9775,0.9775,0.9636,6,6,0,10,3,10
46,WLNM_dir_neg_kfold,0.6944,0.4371,00:00:01,10,90,6,15351,fixed,0.5000,0.8000,0.6667,0.7273,4,1,2,11,0.6667,0.9167,0.0833,0.3333,0.8000,0.6667,0.7273,0.8333,0.5741,0.6087,0.6139,0.5833,61,55,6,0,61,0,55,0,6,18,54,0.1765,2.0927,6,4.1538,3.8571,2.9902,0.4984,0.2767,2.7440,0.9147,0.4959,3.5480,1.1827,0.5802,0.8194,0.3916,2.5000,0.3915,0.4030,45,0.0551,0.3414,0.2778,0.5000,0.2222,18,53,0.1732,2.6009,5.8889,3.7857,3.7857,3.0076,0.5107,0.2820,2.6003,0.8831,0.4748,3.5723,1.2132,0.5901,0.9662,0.3715,2.6806,0.3704,0.3645,39,0.0478,0.3080,0.2222,0.5556,0.2222,-1,-0.0033,0.5083,-0.1111,-0.3681,-0.0714,0.0174,0.0124,0.0052,-0.1437,-0.0315,-0.0210,0.0243,0.0306,0.0099,0.1468,-0.0201,0.1806,-0.0211,-0.0385,-6,-0.0074,-0.0333,-0.0556,0.0556,0,52,1,2,251,0.9630,0.9960,0.0040,0.0370,0.9811,0.9630,0.9720,0.9661,0.9590,0.9455,5,6,0,10,3,10
47,WLNM_dir_neg_kfold,0.7917,0.6520,00:00:01,10,90,7,15352,fixed,0.5000,0.6667,0.6667,0.6667,4,2,2,10,0.6667,0.8333,0.1667,0.3333,0.6667,0.6667,0.6667,0.7778,0.5556,0.5000,0.5000,0.5000,61,55,6,0,61,0,55,0,6,18,54,0.1765,2.0927,6,4.1538,3.8571,2.9902,0.4984,0.2767,2.7440,0.9147,0.4959,3.5480,1.1827,0.5802,0.8194,0.3916,2.5000,0.3915,0.4030,45,0.0551,0.3414,0.2778,0.5000,0.2222,18,54,0.1765,2.5756,6,4.1538,3.8571,3.0486,0.5081,0.2819,2.6789,0.8930,0.4835,3.6137,1.2046,0.5905,1.4177,0.5504,4.5000,0.3704,0.3645,39,0.0478,0.3592,0.2778,0.5000,0.2222,0,0,0.4829,0,0,0,0.0584,0.0097,0.0051,-0.0651,-0.0217,-0.0123,0.0657,0.0219,0.0103,0.5983,0.1589,2,-0.0211,-0.0385,-6,-0.0074,0.0178,0,0,0,52,2,2,250,0.9630,0.9921,0.0079,0.0370,0.9630,0.9630,0.9630,0.9550,0.9550,0.9286,6,6,0,10,3,10
48,WLNM_dir_neg_kfold,0.8472,0.6022,00:00:01,10,90,8,15353,fixed,0.5000,0.8000,0.6667,0.7273,4,1,2,11,0.6667,0.9167,0.0833,0.3333,0.8000,0.6667,0.7273,0.8333,0.5741,0.6087,0.6139,0.5833,61,55,6,0,61,0,55,0,6,18,54,0.1765,2.0927,6,4.1538,3.8571,2.9902,0.4984,0.2767,2.7440,0.9147,0.4959,3.5480,1.1827,0.5802,0.8194,0.3916,2.5000,0.3915,0.4030,45,0.0551,0.3414,0.2778,0.5000,0.2222,18,53,0.1732,2.0738,5.8889,4.0769,3.7857,2.9880,0.5074,0.2820,2.7110,0.9207,0.4979,3.6051,1.2244,0.5943,0.8124,0.3918,2.5000,0.3872,0.3940,44,0.0539,0.3549,0.2778,0.5000,0.2222,-1,-0.0033,-0.0189,-0.1111,-0.0769,-0.0714,-0.0022,0.0090,0.0052,-0.0329,0.0061,0.0020,0.0571,0.0417,0.0141,-0.0070,0.0002,0,-0.0043,-0.0090,-1,-0.0012,0.0135,0,0,0,52,1,2,251,0.9630,0.9960,0.0040,0.0370,0.9811,0.9630,0.9720,0.9661,0.9590,0.9455,5,6,0,10,3,10
49,WLNM_dir_neg_kfold,0.9028,0.6960,00:00:01,10,90,9,15354,fixed,0.5000,0.6667,0.6667,0.6667,4,2,2,10,0.6667,0.8333,0.1667,0.3333,0.6667,0.6667,0.6667,0.7778,0.5556,0.5000,0.5000,0.5000,61,55,6,0,61,0,55,0,6,18,54,0.1765,2.0927,6,4.1538,3.8571,2.9902,0.4984,0.2767,2.7440,0.9147,0.4959,3.5480,1.1827,0.5802,0.8194,0.3916,2.5000,0.3915,0.4030,45,0.0551,0.3414,0.2778,0.5000,0.2222,18,54,0.1765,2.0857,6,4.1538,3.6000,2.9306,0.4884,0.2706,2.7440,0.9147,0.4959,3.5645,1.1882,0.5720,0.8112,0.3889,2.5000,0.4092,0.3936,45,0.0551,0.3434,0.2778,0.5556,0.1667,0,0,-0.0070,0,0,-0.2571,-0.0596,-0.0099,-0.0062,0,0,0,0.0165,0.0055,-0.0082,-0.0082,-0.0026,0,0.0178,-0.0094,0,0,0.0020,0,0.0556,-0.0556,52,2,2,250,0.9630,0.9921,0.0079,0.0370,0.9630,0.9630,0.9630,0.9550,0.9550,0.9286,6,6,0,10,3,10
50,WLNM_dir_neg_kfold,0.8056,0.6136,00:00:01,10,90,10,15355,fixed,0.5000,0.6667,0.6667,0.6667,4,2,2,10,0.6667,0.8333,0.1667,0.3333,0.6667,0.6667,0.6667,0.7778,0.5556,0.5000,0.5000,0.5000,61,55,6,0,61,0,55,0,6,18,54,0.1765,2.0927,6,4.1538,3.8571,2.9902,0.4984,0.2767,2.7440,0.9147,0.4959,3.5480,1.1827,0.5802,0.8194,0.3916,2.5000,0.3915,0.4030,45,0.0551,0.3414,0.2778,0.5000,0.2222,18,54,0.1765,2.0846,6,4.1538,3.8571,3.0293,0.5049,0.2767,2.7008,0.9003,0.4856,3.5810,1.1937,0.5864,0.8313,0.3988,2.6049,0.3740,0.3716,41,0.0502,0.3509,0.2778,0.5000,0.2222,0,0,-0.0081,0,0,0,0.0391,0.0065,0,-0.0432,-0.0144,-0.0103,0.0330,0.0110,0.0062,0.0118,0.0072,0.1049,-0.0175,-0.0314,-4,-0.0049,0.0095,0,0,0,52,2,2,250,0.9630,0.9921,0.0079,0.0370,0.9630,0.9630,0.9630,0.9550,0.9550,0.9286,6,6,0,10,3,10
51,WLNM_dir_neg_kfold,0.8194,0.6705,00:00:01,10,90,11,15356,fixed,0.5000,0.6667,0.6667,0.6667,4,2,2,10,0.6667,0.8333,0.1667,0.3333,0.6667,0.6667,0.6667,0.7778,0.5556,0.5000,0.5000,0.5000,61,55,6,0,61,0,55,0,6,18,54,0.1765,2.0927,6,4.1538,3.8571,2.9902,0.4984,0.2767,2.7440,0.9147,0.4959,3.5480,1.1827,0.5802,0.8194,0.3916,2.5000,0.3915,0.4030,45,0.0551,0.3414,0.2778,0.5000,0.2222,18,54,0.1765,2.1161,6,4.1538,3.8571,2.9104,0.4851,0.2685,2.7008,0.9003,0.4856,3.6942,1.2314,0.5988,0.8161,0.3857,2.5000,0.3499,0.3421,39,0.0478,0.3625,0.2778,0.5000,0.2222,0,0,0.0234,0,0,0,-0.0798,-0.0133,-0.0082,-0.0432,-0.0144,-0.0103,0.1462,0.0487,0.0185,-0.0033,-0.0059,0,-0.0415,-0.0609,-6,-0.0074,0.0212,0,0,0,52,2,2,250,0.9630,0.9921,0.0079,0.0370,0.9630,0.9630,0.9630,0.9550,0.9550,0.9286,6,6,0,10,3,10
52,WLNM_dir_neg_kfold,0.9444,0.5242,00:00:01,10,90,12,15357,fixed,0.5000,0.8000,0.6667,0.7273,4,1,2,11,0.6667,0.9167,0.0833,0.3333,0.8000,0.6667,0.7273,0.8333,0.5741,0.6087,0.6139,0.5833,61,55,6,0,61,0,55,0,6,18,54,0.1765,2.0927,6,4.1538,3.8571,2.9902,0.4984,0.2767,2.7440,0.9147,0.4959,3.5480,1.1827,0.5802,0.8194,0.3916,2.5000,0.3915,0.4030,45,0.0551,0.3414,0.2778,0.5000,0.2222,18,53,0.1732,1.9973,5.8889,4.0769,3.7857,3.0271,0.5140,0.2862,2.6228,0.8908,0.4790,3.7176,1.2626,0.6048,0.7293,0.3652,2.2500,0.3845,0.3828,43,0.0527,0.3809,0.2778,0.5000,0.2222,-1,-0.0033,-0.0954,-0.1111,-0.0769,-0.0714,0.0369,0.0157,0.0094,-0.1212,-0.0239,-0.0168,0.1696,0.0799,0.0246,-0.0901,-0.0264,-0.2500,-0.0070,-0.0202,-2,-0.0025,0.0396,0,0,0,52,1,2,251,0.9630,0.9960,0.0040,0.0370,0.9811,0.9630,0.9720,0.9661,0.9590,0.9455,5,6,0,10,3,10
53,WLNM_dir_neg_kfold,0.8889,0.7344,00:00:01,10,90,13,15358,fixed,0.5000,1,0.6667,0.8000,4,0,2,12,0.6667,1,0,0.3333,1,0.6667,0.8000,0.8889,0.5926,0.7273,0.7559,0.6667,61,55,6,0,61,0,55,0,6,18,54,0.1765,2.0927,6,4.1538,3.8571,2.9902,0.4984,0.2767,2.7440,0.9147,0.4959,3.5480,1.1827,0.5802,0.8194,0.3916,2.5000,0.3915,0.4030,45,0.0551,0.3414,0.2778,0.5000,0.2222,18,52,0.1699,2.0609,5.7778,4,3.7143,2.9216,0.5057,0.2799,2.6544,0.9188,0.4936,3.5956,1.2446,0.5983,0.8043,0.3902,2.5000,0.3704,0.3645,39,0.0478,0.3580,0.2778,0.5000,0.2222,-2,-0.0065,-0.0317,-0.2222,-0.1538,-0.1429,-0.0685,0.0073,0.0032,-0.0896,0.0042,-0.0023,0.0476,0.0620,0.0180,-0.0152,-0.0013,0,-0.0211,-0.0385,-6,-0.0074,0.0166,0,0,0,52,0,2,252,0.9630,1,0,0.0370,1,0.9630,0.9811,0.9774,0.9630,0.9630,4,6,0,10,3,10
54,WLNM_dir_neg_kfold,0.8194,0.4147,00:00:01,10,90,14,15359,fixed,0.5000,0.5714,0.6667,0.6154,4,3,2,9,0.6667,0.7500,0.2500,0.3333,0.5714,0.6667,0.6154,0.7222,0.5370,0.4000,0.4029,0.4167,61,55,6,0,61,0,55,0,6,18,54,0.1765,2.0927,6,4.1538,3.8571,2.9902,0.4984,0.2767,2.7440,0.9147,0.4959,3.5480,1.1827,0.5802,0.8194,0.3916,2.5000,0.3915,0.4030,45,0.0551,0.3414,0.2778,0.5000,0.2222,18,55,0.1797,2.0451,6.1111,3.9286,3.9286,3.0657,0.5017,0.2768,2.5546,0.8361,0.4495,3.9627,1.2969,0.6152,0.6532,0.3194,1.9579,0.3845,0.3657,44,0.0539,0.3739,0.2222,0.5556,0.2222,1,0.0033,-0.0475,0.1111,-0.2253,0.0714,0.0755,0.0033,0.0000,-0.1893,-0.0786,-0.0464,0.4147,0.1142,0.0349,-0.1662,-0.0722,-0.5421,-0.0069,-0.0373,-1,-0.0012,0.0325,-0.0556,0.0556,0,52,3,2,249,0.9630,0.9881,0.0119,0.0370,0.9455,0.9630,0.9541,0.9442,0.9511,0.9123,7,6,0,10,3,10
55,WLNM_dir_neg_kfold,0.7778,0.6403,00:00:01,10,90,15,15360,fixed,0.5000,0.6667,0.6667,0.6667,4,2,2,10,0.6667,0.8333,0.1667,0.3333,0.6667,0.6667,0.6667,0.7778,0.5556,0.5000,0.5000,0.5000,61,55,6,0,61,0,55,0,6,18,54,0.1765,2.0927,6,4.1538,3.8571,2.9902,0.4984,0.2767,2.7440,0.9147,0.4959,3.5480,1.1827,0.5802,0.8194,0.3916,2.5000,0.3915,0.4030,45,0.0551,0.3414,0.2778,0.5000,0.2222,18,54,0.1765,2.0757,6,4.1538,3.3750,3.0098,0.5016,0.2778,2.8076,0.9359,0.5041,3.5147,1.1716,0.5514,0.8193,0.3947,2.5000,0.4016,0.3795,42,0.0515,0.3412,0.2778,0.6111,0.1111,0,0,-0.0170,0,0,-0.4821,0.0196,0.0033,0.0010,0.0636,0.0212,0.0082,-0.0333,-0.0111,-0.0288,-0.0001,0.0032,0,0.0101,-0.0235,-3,-0.0037,-0.0002,0,0.1111,-0.1111,52,2,2,250,0.9630,0.9921,0.0079,0.0370,0.9630,0.9630,0.9630,0.9550,0.9550,0.9286,6,6,0,10,3,10
56,WLNM_dir_neg_kfold,0.8611,0.6376,00:00:01,10,90,16,15361,fixed,0.5000,0.8000,0.6667,0.7273,4,1,2,11,0.6667,0.9167,0.0833,0.3333,0.8000,0.6667,0.7273,0.8333,0.5741,0.6087,0.6139,0.5833,61,55,6,0,61,0,55,0,6,18,54,0.1765,2.0927,6,4.1538,3.8571,2.9902,0.4984,0.2767,2.7440,0.9147,0.4959,3.5480,1.1827,0.5802,0.8194,0.3916,2.5000,0.3915,0.4030,45,0.0551,0.3414,0.2778,0.5000,0.2222,18,53,0.1732,2.0930,5.8889,4.0769,3.5333,2.9682,0.5040,0.2767,2.6673,0.9059,0.4874,3.5558,1.2076,0.5755,0.8152,0.3895,2.5000,0.3704,0.3645,39,0.0478,0.3427,0.2778,0.5556,0.1667,-1,-0.0033,0.0003,-0.1111,-0.0769,-0.3238,-0.0219,0.0057,-0.0000,-0.0767,-0.0088,-0.0085,0.0078,0.0250,-0.0048,-0.0042,-0.0021,0,-0.0211,-0.0385,-6,-0.0074,0.0014,0,0.0556,-0.0556,52,1,2,251,0.9630,0.9960,0.0040,0.0370,0.9811,0.9630,0.9720,0.9661,0.9590,0.9455,5,6,0,10,3,10
57,WLNM_dir_neg_kfold,0.8889,0.5426,00:00:01,10,90,17,15362,fixed,0.5000,1,0.6667,0.8000,4,0,2,12,0.6667,1,0,0.3333,1,0.6667,0.8000,0.8889,0.5926,0.7273,0.7559,0.6667,61,55,6,0,61,0,55,0,6,18,54,0.1765,2.0927,6,4.1538,3.8571,2.9902,0.4984,0.2767,2.7440,0.9147,0.4959,3.5480,1.1827,0.5802,0.8194,0.3916,2.5000,0.3915,0.4030,45,0.0551,0.3414,0.2778,0.5000,0.2222,18,52,0.1699,2.0609,5.7778,4,3.7143,2.9216,0.5057,0.2799,2.6544,0.9188,0.4936,3.5956,1.2446,0.5983,0.8043,0.3902,2.5000,0.3704,0.3645,39,0.0478,0.3580,0.2778,0.5000,0.2222,-2,-0.0065,-0.0317,-0.2222,-0.1538,-0.1429,-0.0685,0.0073,0.0032,-0.0896,0.0042,-0.0023,0.0476,0.0620,0.0180,-0.0152,-0.0013,0,-0.0211,-0.0385,-6,-0.0074,0.0166,0,0,0,52,0,2,252,0.9630,1,0,0.0370,1,0.9630,0.9811,0.9774,0.9630,0.9630,4,6,0,10,3,10
58,WLNM_dir_neg_kfold,0.7778,0.6302,00:00:01,10,90,18,15363,fixed,0.5000,0.8000,0.6667,0.7273,4,1,2,11,0.6667,0.9167,0.0833,0.3333,0.8000,0.6667,0.7273,0.8333,0.5741,0.6087,0.6139,0.5833,61,55,6,0,61,0,55,0,6,18,54,0.1765,2.0927,6,4.1538,3.8571,2.9902,0.4984,0.2767,2.7440,0.9147,0.4959,3.5480,1.1827,0.5802,0.8194,0.3916,2.5000,0.3915,0.4030,45,0.0551,0.3414,0.2778,0.5000,0.2222,18,53,0.1732,2.0746,5.8889,4.0769,3.7857,2.9283,0.4973,0.2757,2.6892,0.9133,0.4916,3.6376,1.2354,0.5985,0.8061,0.3886,2.5000,0.4351,0.3705,41,0.0502,0.3596,0.2778,0.5000,0.2222,-1,-0.0033,-0.0181,-0.1111,-0.0769,-0.0714,-0.0618,-0.0011,-0.0011,-0.0547,-0.0013,-0.0043,0.0896,0.0527,0.0183,-0.0133,-0.0030,0,0.0436,-0.0325,-4,-0.0049,0.0182,0,0,0,52,1,2,251,0.9630,0.9960,0.0040,0.0370,0.9811,0.9630,0.9720,0.9661,0.9590,0.9455,5,6,0,10,3,10
59,WLNM_dir_neg_kfold,0.9167,0.7073,00:00:01,10,90,19,15364,fixed,0.5000,0.5714,0.6667,0.6154,4,3,2,9,0.6667,0.7500,0.2500,0.3333,0.5714,0.6667,0.6154,0.7222,0.5370,0.4000,0.4029,0.4167,61,55,6,0,61,0,55,0,6,18,54,0.1765,2.0927,6,4.1538,3.8571,2.9902,0.4984,0.2767,2.7440,0.9147,0.4959,3.5480,1.1827,0.5802,0.8194,0.3916,2.5000,0.3915,0.4030,45,0.0551,0.3414,0.2778,0.5000,0.2222,18,55,0.1797,1.9994,6.1111,4.2308,3.6667,3.1039,0.5079,0.2828,2.8589,0.9356,0.4939,3.7176,1.2167,0.5828,0.7319,0.3660,2.2500,0.4214,0.4050,49,0.0600,0.3768,0.2778,0.5556,0.1667,1,0.0033,-0.0932,0.1111,0.0769,-0.1905,0.1137,0.0095,0.0061,0.1149,0.0210,-0.0019,0.1696,0.0340,0.0026,-0.0875,-0.0255,-0.2500,0.0300,0.0020,4,0.0049,0.0354,0,0.0556,-0.0556,52,3,2,249,0.9630,0.9881,0.0119,0.0370,0.9455,0.9630,0.9541,0.9442,0.9511,0.9123,7,6,0,10,3,10
60,WLNM_dir_neg_kfold,0.9028,0.7022,00:00:01,10,90,20,15365,fixed,0.5000,0.8000,0.6667,0.7273,4,1,2,11,0.6667,0.9167,0.0833,0.3333,0.8000,0.6667,0.7273,0.8333,0.5741,0.6087,0.6139,0.5833,61,55,6,0,61,0,55,0,6,18,54,0.1765,2.0927,6,4.1538,3.8571,2.9902,0.4984,0.2767,2.7440,0.9147,0.4959,3.5480,1.1827,0.5802,0.8194,0.3916,2.5000,0.3915,0.4030,45,0.0551,0.3414,0.2778,0.5000,0.2222,18,53,0.1732,2.0865,5.8889,4.0769,3.7857,2.9682,0.5040,0.2778,2.6892,0.9133,0.4916,3.5723,1.2132,0.5901,0.8100,0.3882,2.5000,0.3875,0.3862,43,0.0527,0.3483,0.2778,0.5000,0.2222,-1,-0.0033,-0.0062,-0.1111,-0.0769,-0.0714,-0.0219,0.0057,0.0010,-0.0547,-0.0013,-0.0043,0.0243,0.0306,0.0099,-0.0094,-0.0034,0,-0.0039,-0.0168,-2,-0.0025,0.0069,0,0,0,52,1,2,251,0.9630,0.9960,0.0040,0.0370,0.9811,0.9630,0.9720,0.9661,0.9590,0.9455,5,6,0,10,3,10
61,WLNM_dir_neg_kfold,0.6111,0.3534,00:00:01,10,90,1,16346,fixed,0.5000,0.6667,0.3333,0.4444,2,1,4,11,0.3333,0.9167,0.0833,0.6667,0.6667,0.3333,0.4444,0.7222,0.6111,0.2857,0.3162,0.2500,61,55,6,0,61,0,55,0,6,18,54,0.1765,2.0927,6,4.1538,3.8571,2.9902,0.4984,0.2767,2.7440,0.9147,0.4959,3.5480,1.1827,0.5802,0.8194,0.3916,2.5000,0.3915,0.4030,45,0.0551,0.3414,0.2778,0.5000,0.2222,18,51,0.1667,1.8138,5.6667,4.2500,3.6429,2.7865,0.4917,0.2691,2.5725,0.9079,0.4891,3.6178,1.2769,0.6046,0.6175,0.3405,1.5592,0.2466,0.2755,27,0.0331,0.4063,0.3333,0.4444,0.2222,-3,-0.0098,-0.2788,-0.3333,0.0962,-0.2143,-0.2037,-0.0066,-0.0077,-0.1715,-0.0067,-0.0068,0.0698,0.0942,0.0243,-0.2019,-0.0511,-0.9408,-0.1448,-0.1275,-18,-0.0221,0.0650,0.0556,-0.0556,0,50,1,4,251,0.9259,0.9960,0.0040,0.0741,0.9804,0.9259,0.9524,0.9431,0.9220,0.9091,3,6,0,10,4,10
62,WLNM_dir_neg_kfold,0.5556,0.2996,00:00:01,10,90,2,16347,fixed,0.5000,0.5000,0.3333,0.4000,2,2,4,10,0.3333,0.8333,0.1667,0.6667,0.5000,0.3333,0.4000,0.6667,0.5926,0.1818,0.1890,0.1667,61,55,6,0,61,0,55,0,6,18,54,0.1765,2.0927,6,4.1538,3.8571,2.9902,0.4984,0.2767,2.7440,0.9147,0.4959,3.5480,1.1827,0.5802,0.8194,0.3916,2.5000,0.3915,0.4030,45,0.0551,0.3414,0.2778,0.5000,0.2222,18,52,0.1699,1.8318,5.7778,4.3333,3.7143,2.8606,0.4951,0.2724,2.5870,0.8955,0.4829,3.6119,1.2503,0.6004,0.6287,0.3432,1.5758,0.3045,0.3409,35,0.0429,0.3970,0.3333,0.4444,0.2222,-2,-0.0065,-0.2609,-0.2222,0.1795,-0.1429,-0.1296,-0.0033,-0.0043,-0.1569,-0.0191,-0.0130,0.0639,0.0676,0.0202,-0.1907,-0.0483,-0.9242,-0.0869,-0.0621,-10,-0.0123,0.0556,0.0556,-0.0556,0,50,2,4,250,0.9259,0.9921,0.0079,0.0741,0.9615,0.9259,0.9434,0.9318,0.9180,0.8929,4,6,0,10,4,10
63,WLNM_dir_neg_kfold,0.6111,0.4046,00:00:01,10,90,3,16348,fixed,0.5000,1,0.1667,0.2857,1,0,5,12,0.1667,1,0,0.8333,1,0.1667,0.2857,0.7222,0.6481,0.2105,0.3430,0.1667,61,55,6,0,61,0,55,0,6,18,54,0.1765,2.0927,6,4.1538,3.8571,2.9902,0.4984,0.2767,2.7440,0.9147,0.4959,3.5480,1.1827,0.5802,0.8194,0.3916,2.5000,0.3915,0.4030,45,0.0551,0.3414,0.2778,0.5000,0.2222,18,49,0.1601,1.8052,5.4444,4.0833,3.5000,2.7912,0.5127,0.2812,2.4688,0.9069,0.4864,3.5613,1.3082,0.6066,0.6102,0.3380,1.5560,0.2479,0.2737,25,0.0306,0.4056,0.3333,0.4444,0.2222,-5,-0.0163,-0.2875,-0.5556,-0.0705,-0.3571,-0.1990,0.0143,0.0044,-0.2752,-0.0078,-0.0095,0.0133,0.1256,0.0263,-0.2092,-0.0535,-0.9440,-0.1436,-0.1293,-20,-0.0245,0.0642,0.0556,-0.0556,0,49,0,5,252,0.9074,1,0,0.0926,1,0.9074,0.9515,0.9433,0.9074,0.9074,1,6,0,10,4,10
64,WLNM_dir_neg_kfold,0.7639,0.4866,00:00:01,10,90,4,16349,fixed,0.5000,0.5000,0.3333,0.4000,2,2,4,10,0.3333,0.8333,0.1667,0.6667,0.5000,0.3333,0.4000,0.6667,0.5926,0.1818,0.1890,0.1667,61,55,6,0,61,0,55,0,6,18,54,0.1765,2.0927,6,4.1538,3.8571,2.9902,0.4984,0.2767,2.7440,0.9147,0.4959,3.5480,1.1827,0.5802,0.8194,0.3916,2.5000,0.3915,0.4030,45,0.0551,0.3414,0.2778,0.5000,0.2222,18,52,0.1699,2.2373,5.7778,4,3.7143,2.9417,0.5091,0.2810,2.4944,0.8635,0.4701,3.5792,1.2389,0.5962,0.8248,0.3687,2.0817,0.3296,0.3462,36,0.0441,0.3448,0.2778,0.5000,0.2222,-2,-0.0065,0.1446,-0.2222,-0.1538,-0.1429,-0.0485,0.0108,0.0042,-0.2495,-0.0512,-0.0258,0.0312,0.0563,0.0159,0.0054,-0.0229,-0.4183,-0.0619,-0.0568,-9,-0.0110,0.0034,0,0,0,50,2,4,250,0.9259,0.9921,0.0079,0.0741,0.9615,0.9259,0.9434,0.9318,0.9180,0.8929,4,6,0,10,4,10
65,WLNM_dir_neg_kfold,0.8194,0.6090,00:00:01,10,90,5,16350,fixed,0.5000,0.6667,0.3333,0.4444,2,1,4,11,0.3333,0.9167,0.0833,0.6667,0.6667,0.3333,0.4444,0.7222,0.6111,0.2857,0.3162,0.2500,61,55,6,0,61,0,55,0,6,18,54,0.1765,2.0927,6,4.1538,3.8571,2.9902,0.4984,0.2767,2.7440,0.9147,0.4959,3.5480,1.1827,0.5802,0.8194,0.3916,2.5000,0.3915,0.4030,45,0.0551,0.3414,0.2778,0.5000,0.2222,18,51,0.1667,1.8318,5.6667,4.2500,3.6429,2.8697,0.5064,0.2800,2.5495,0.8998,0.4869,3.5687,1.2595,0.6002,0.6287,0.3432,1.5758,0.3103,0.3423,34,0.0417,0.3938,0.3333,0.4444,0.2222,-3,-0.0098,-0.2609,-0.3333,0.0962,-0.2143,-0.1205,0.0081,0.0032,-0.1945,-0.0148,-0.0090,0.0207,0.0769,0.0200,-0.1907,-0.0483,-0.9242,-0.0812,-0.0607,-11,-0.0135,0.0524,0.0556,-0.0556,0,50,1,4,251,0.9259,0.9960,0.0040,0.0741,0.9804,0.9259,0.9524,0.9431,0.9220,0.9091,3,6,0,10,4,10
66,WLNM_dir_neg_kfold,0.5556,0.3899,00:00:01,10,90,6,16351,fixed,0.5000,1,0.3333,0.5000,2,0,4,12,0.3333,1,0,0.6667,1,0.3333,0.5000,0.7778,0.6296,0.4000,0.5000,0.3333,61,55,6,0,61,0,55,0,6,18,54,0.1765,2.0927,6,4.1538,3.8571,2.9902,0.4984,0.2767,2.7440,0.9147,0.4959,3.5480,1.1827,0.5802,0.8194,0.3916,2.5000,0.3915,0.4030,45,0.0551,0.3414,0.2778,0.5000,0.2222,18,50,0.1634,1.8151,5.5556,4.1667,3.5714,2.8537,0.5137,0.2844,2.5334,0.9120,0.4933,3.5572,1.2806,0.6022,0.6195,0.3413,1.5758,0.2786,0.3240,31,0.0380,0.4008,0.3333,0.4444,0.2222,-4,-0.0131,-0.2775,-0.4444,0.0128,-0.2857,-0.1364,0.0153,0.0077,-0.2105,-0.0026,-0.0026,0.0092,0.0979,0.0220,-0.1999,-0.0503,-0.9242,-0.1129,-0.0789,-14,-0.0172,0.0594,0.0556,-0.0556,0,50,0,4,252,0.9259,1,0,0.0741,1,0.9259,0.9615,0.9547,0.9259,0.9259,2,6,0,10,4,10
67,WLNM_dir_neg_kfold,0.6528,0.4451,00:00:01,10,90,7,16352,fixed,0.5000,0.6667,0.3333,0.4444,2,1,4,11,0.3333,0.9167,0.0833,0.6667,0.6667,0.3333,0.4444,0.7222,0.6111,0.2857,0.3162,0.2500,61,55,6,0,61,0,55,0,6,18,54,0.1765,2.0927,6,4.1538,3.8571,2.9902,0.4984,0.2767,2.7440,0.9147,0.4959,3.5480,1.1827,0.5802,0.8194,0.3916,2.5000,0.3915,0.4030,45,0.0551,0.3414,0.2778,0.5000,0.2222,18,51,0.1667,2.3778,5.6667,3.9231,3.6429,3.0098,0.5311,0.2941,2.4793,0.8751,0.4760,3.5687,1.2595,0.6002,0.9436,0.3968,2.7500,0.2786,0.3240,31,0.0380,0.3454,0.2778,0.5000,0.2222,-3,-0.0098,0.2851,-0.3333,-0.2308,-0.2143,0.0196,0.0328,0.0174,-0.2647,-0.0396,-0.0198,0.0207,0.0769,0.0200,0.1241,0.0053,0.2500,-0.1129,-0.0789,-14,-0.0172,0.0040,0,0,0,50,1,4,251,0.9259,0.9960,0.0040,0.0741,0.9804,0.9259,0.9524,0.9431,0.9220,0.9091,3,6,0,10,4,10
68,WLNM_dir_neg_kfold,0.4583,0.2961,00:00:01,10,90,8,16353,fixed,0.5000,0.5000,0.1667,0.2500,1,1,5,11,0.1667,0.9167,0.0833,0.8333,0.5000,0.1667,0.2500,0.6667,0.6296,0.1000,0.1250,0.0833,61,55,6,0,61,0,55,0,6,18,54,0.1765,2.0927,6,4.1538,3.8571,2.9902,0.4984,0.2767,2.7440,0.9147,0.4959,3.5480,1.1827,0.5802,0.8194,0.3916,2.5000,0.3915,0.4030,45,0.0551,0.3414,0.2778,0.5000,0.2222,18,50,0.1634,2.3054,5.5556,3.8462,3.5714,2.7701,0.4986,0.2733,2.4146,0.8692,0.4689,3.5572,1.2806,0.6022,1.1084,0.4808,3.7500,0.2738,0.2756,26,0.0319,0.3474,0.2778,0.5000,0.2222,-4,-0.0131,0.2127,-0.4444,-0.3077,-0.2857,-0.2201,0.0002,-0.0034,-0.3294,-0.0454,-0.0270,0.0092,0.0979,0.0220,0.2890,0.0892,1.2500,-0.1176,-0.1274,-19,-0.0233,0.0060,0,0,0,49,1,5,251,0.9074,0.9960,0.0040,0.0926,0.9800,0.9074,0.9423,0.9315,0.9034,0.8909,2,6,0,10,4,10
69,WLNM_dir_neg_kfold,0.6389,0.4225,00:00:01,10,90,9,16354,fixed,0.5000,0.6667,0.3333,0.4444,2,1,4,11,0.3333,0.9167,0.0833,0.6667,0.6667,0.3333,0.4444,0.7222,0.6111,0.2857,0.3162,0.2500,61,55,6,0,61,0,55,0,6,18,54,0.1765,2.0927,6,4.1538,3.8571,2.9902,0.4984,0.2767,2.7440,0.9147,0.4959,3.5480,1.1827,0.5802,0.8194,0.3916,2.5000,0.3915,0.4030,45,0.0551,0.3414,0.2778,0.5000,0.2222,18,51,0.1667,2.0197,5.6667,3.9231,3.6429,2.9506,0.5207,0.2876,2.4793,0.8751,0.4760,3.6015,1.2711,0.6024,0.6830,0.3381,1.8287,0.2978,0.3477,35,0.0429,0.3544,0.2778,0.5000,0.2222,-3,-0.0098,-0.0729,-0.3333,-0.2308,-0.2143,-0.0396,0.0223,0.0108,-0.2647,-0.0396,-0.0198,0.0535,0.0884,0.0221,-0.1365,-0.0534,-0.6713,-0.0937,-0.0553,-10,-0.0123,0.0130,0,0,0,50,1,4,251,0.9259,0.9960,0.0040,0.0741,0.9804,0.9259,0.9524,0.9431,0.9220,0.9091,3,6,0,10,4,10
70,WLNM_dir_neg_kfold,0.8056,0.5226,00:00:01,10,90,10,16355,fixed,0.5000,0.6667,0.3333,0.4444,2,1,4,11,0.3333,0.9167,0.0833,0.6667,0.6667,0.3333,0.4444,0.7222,0.6111,0.2857,0.3162,0.2500,61,55,6,0,61,0,55,0,6,18,54,0.1765,2.0927,6,4.1538,3.8571,2.9902,0.4984,0.2767,2.7440,0.9147,0.4959,3.5480,1.1827,0.5802,0.8194,0.3916,2.5000,0.3915,0.4030,45,0.0551,0.3414,0.2778,0.5000,0.2222,18,51,0.1667,2.3440,5.6667,3.9231,3.6429,2.7653,0.4880,0.2691,2.4793,0.8751,0.4760,3.5687,1.2595,0.6002,1.1179,0.4769,3.7500,0.2717,0.2765,27,0.0331,0.3455,0.2778,0.5000,0.2222,-3,-0.0098,0.2513,-0.3333,-0.2308,-0.2143,-0.2248,-0.0104,-0.0077,-0.2647,-0.0396,-0.0198,0.0207,0.0769,0.0200,0.2985,0.0853,1.2500,-0.1197,-0.1265,-18,-0.0221,0.0041,0,0,0,50,1,4,251,0.9259,0.9960,0.0040,0.0741,0.9804,0.9259,0.9524,0.9431,0.9220,0.9091,3,6,0,10,4,10
71,WLNM_dir_neg_kfold,0.6806,0.4249,00:00:01,10,90,11,16356,fixed,0.5000,0.5000,0.3333,0.4000,2,2,4,10,0.3333,0.8333,0.1667,0.6667,0.5000,0.3333,0.4000,0.6667,0.5926,0.1818,0.1890,0.1667,61,55,6,0,61,0,55,0,6,18,54,0.1765,2.0927,6,4.1538,3.8571,2.9902,0.4984,0.2767,2.7440,0.9147,0.4959,3.5480,1.1827,0.5802,0.8194,0.3916,2.5000,0.3915,0.4030,45,0.0551,0.3414,0.2778,0.5000,0.2222,18,52,0.1699,1.8204,5.7778,4.3333,3.7143,2.8606,0.4951,0.2724,2.6544,0.9188,0.4957,3.6119,1.2503,0.6004,0.6253,0.3435,1.5864,0.2731,0.3214,33,0.0404,0.4018,0.3333,0.4444,0.2222,-2,-0.0065,-0.2722,-0.2222,0.1795,-0.1429,-0.1296,-0.0033,-0.0043,-0.0896,0.0042,-0.0002,0.0639,0.0676,0.0202,-0.1941,-0.0481,-0.9136,-0.1183,-0.0816,-12,-0.0147,0.0604,0.0556,-0.0556,0,50,2,4,250,0.9259,0.9921,0.0079,0.0741,0.9615,0.9259,0.9434,0.9318,0.9180,0.8929,4,6,0,10,4,10
72,WLNM_dir_neg_kfold,0.8194,0.5173,00:00:01,10,90,12,16357,fixed,0.5000,0.6667,0.3333,0.4444,2,1,4,11,0.3333,0.9167,0.0833,0.6667,0.6667,0.3333,0.4444,0.7222,0.6111,0.2857,0.3162,0.2500,61,55,6,0,61,0,55,0,6,18,54,0.1765,2.0927,6,4.1538,3.8571,2.9902,0.4984,0.2767,2.7440,0.9147,0.4959,3.5480,1.1827,0.5802,0.8194,0.3916,2.5000,0.3915,0.4030,45,0.0551,0.3414,0.2778,0.5000,0.2222,18,51,0.1667,1.8166,5.6667,4.2500,3.6429,2.8491,0.5028,0.2767,2.6624,0.9397,0.5022,3.6015,1.2711,0.6024,0.6211,0.3419,1.6081,0.2503,0.2727,27,0.0331,0.4070,0.3333,0.4444,0.2222,-3,-0.0098,-0.2761,-0.3333,0.0962,-0.2143,-0.1410,0.0044,-0.0001,-0.0816,0.0250,0.0063,0.0535,0.0884,0.0221,-0.1983,-0.0496,-0.8919,-0.1412,-0.1303,-18,-0.0221,0.0656,0.0556,-0.0556,0,50,1,4,251,0.9259,0.9960,0.0040,0.0741,0.9804,0.9259,0.9524,0.9431,0.9220,0.9091,3,6,0,10,4,10
73,WLNM_dir_neg_kfold,0.6250,0.3354,00:00:01,10,90,13,16358,fixed,0.5000,1,0.1667,0.2857,1,0,5,12,0.1667,1,0,0.8333,1,0.1667,0.2857,0.7222,0.6481,0.2105,0.3430,0.1667,61,55,6,0,61,0,55,0,6,18,54,0.1765,2.0927,6,4.1538,3.8571,2.9902,0.4984,0.2767,2.7440,0.9147,0.4959,3.5480,1.1827,0.5802,0.8194,0.3916,2.5000,0.3915,0.4030,45,0.0551,0.3414,0.2778,0.5000,0.2222,18,49,0.1601,1.8052,5.4444,4.0833,3.5000,2.7912,0.5127,0.2812,2.4688,0.9069,0.4864,3.5613,1.3082,0.6066,0.6102,0.3380,1.5560,0.2479,0.2737,25,0.0306,0.4056,0.3333,0.4444,0.2222,-5,-0.0163,-0.2875,-0.5556,-0.0705,-0.3571,-0.1990,0.0143,0.0044,-0.2752,-0.0078,-0.0095,0.0133,0.1256,0.0263,-0.2092,-0.0535,-0.9440,-0.1436,-0.1293,-20,-0.0245,0.0642,0.0556,-0.0556,0,49,0,5,252,0.9074,1,0,0.0926,1,0.9074,0.9515,0.9433,0.9074,0.9074,1,6,0,10,4,10
74,WLNM_dir_neg_kfold,0.5417,0.2824,00:00:01,10,90,14,16359,fixed,0.5000,1,0.1667,0.2857,1,0,5,12,0.1667,1,0,0.8333,1,0.1667,0.2857,0.7222,0.6481,0.2105,0.3430,0.1667,61,55,6,0,61,0,55,0,6,18,54,0.1765,2.0927,6,4.1538,3.8571,2.9902,0.4984,0.2767,2.7440,0.9147,0.4959,3.5480,1.1827,0.5802,0.8194,0.3916,2.5000,0.3915,0.4030,45,0.0551,0.3414,0.2778,0.5000,0.2222,18,49,0.1601,1.8052,5.4444,4.0833,3.5000,2.7912,0.5127,0.2812,2.4688,0.9069,0.4864,3.5613,1.3082,0.6066,0.6102,0.3380,1.5560,0.2479,0.2737,25,0.0306,0.4056,0.3333,0.4444,0.2222,-5,-0.0163,-0.2875,-0.5556,-0.0705,-0.3571,-0.1990,0.0143,0.0044,-0.2752,-0.0078,-0.0095,0.0133,0.1256,0.0263,-0.2092,-0.0535,-0.9440,-0.1436,-0.1293,-20,-0.0245,0.0642,0.0556,-0.0556,0,49,0,5,252,0.9074,1,0,0.0926,1,0.9074,0.9515,0.9433,0.9074,0.9074,1,6,0,10,4,10
75,WLNM_dir_neg_kfold,0.6111,0.3204,00:00:01,10,90,15,16360,fixed,0.5000,0.5000,0.3333,0.4000,2,2,4,10,0.3333,0.8333,0.1667,0.6667,0.5000,0.3333,0.4000,0.6667,0.5926,0.1818,0.1890,0.1667,61,55,6,0,61,0,55,0,6,18,54,0.1765,2.0927,6,4.1538,3.8571,2.9902,0.4984,0.2767,2.7440,0.9147,0.4959,3.5480,1.1827,0.5802,0.8194,0.3916,2.5000,0.3915,0.4030,45,0.0551,0.3414,0.2778,0.5000,0.2222,18,52,0.1699,1.8276,5.7778,4.3333,3.4667,2.7771,0.4807,0.2639,2.5870,0.8955,0.4829,3.5627,1.2332,0.5791,0.6266,0.3428,1.6008,0.3062,0.3454,35,0.0429,0.3864,0.3333,0.5000,0.1667,-2,-0.0065,-0.2650,-0.2222,0.1795,-0.3905,-0.2131,-0.0177,-0.0129,-0.1569,-0.0191,-0.0130,0.0147,0.0506,-0.0012,-0.1928,-0.0487,-0.8992,-0.0853,-0.0576,-10,-0.0123,0.0450,0.0556,0,-0.0556,50,2,4,250,0.9259,0.9921,0.0079,0.0741,0.9615,0.9259,0.9434,0.9318,0.9180,0.8929,4,6,0,10,4,10
76,WLNM_dir_neg_kfold,0.5417,0.3298,00:00:01,10,90,16,16361,fixed,0.5000,0.5000,0.1667,0.2500,1,1,5,11,0.1667,0.9167,0.0833,0.8333,0.5000,0.1667,0.2500,0.6667,0.6296,0.1000,0.1250,0.0833,61,55,6,0,61,0,55,0,6,18,54,0.1765,2.0927,6,4.1538,3.8571,2.9902,0.4984,0.2767,2.7440,0.9147,0.4959,3.5480,1.1827,0.5802,0.8194,0.3916,2.5000,0.3915,0.4030,45,0.0551,0.3414,0.2778,0.5000,0.2222,18,50,0.1634,1.8303,5.5556,4.1667,3.3333,2.8330,0.5099,0.2789,2.4866,0.8952,0.4800,3.5240,1.2686,0.5822,0.6285,0.3434,1.6062,0.2479,0.2737,25,0.0306,0.3876,0.3333,0.5000,0.1667,-4,-0.0131,-0.2624,-0.4444,0.0128,-0.5238,-0.1571,0.0116,0.0021,-0.2574,-0.0195,-0.0159,-0.0240,0.0860,0.0020,-0.1909,-0.0482,-0.8938,-0.1436,-0.1293,-20,-0.0245,0.0462,0.0556,0,-0.0556,49,1,5,251,0.9074,0.9960,0.0040,0.0926,0.9800,0.9074,0.9423,0.9315,0.9034,0.8909,2,6,0,10,4,10
77,WLNM_dir_neg_kfold,0.7500,0.5489,00:00:01,10,90,17,16362,fixed,0.5000,1,0.3333,0.5000,2,0,4,12,0.3333,1,0,0.6667,1,0.3333,0.5000,0.7778,0.6296,0.4000,0.5000,0.3333,61,55,6,0,61,0,55,0,6,18,54,0.1765,2.0927,6,4.1538,3.8571,2.9902,0.4984,0.2767,2.7440,0.9147,0.4959,3.5480,1.1827,0.5802,0.8194,0.3916,2.5000,0.3915,0.4030,45,0.0551,0.3414,0.2778,0.5000,0.2222,18,50,0.1634,1.8151,5.5556,4.1667,3.5714,2.8537,0.5137,0.2844,2.5334,0.9120,0.4933,3.5572,1.2806,0.6022,0.6195,0.3413,1.5758,0.2786,0.3240,31,0.0380,0.4008,0.3333,0.4444,0.2222,-4,-0.0131,-0.2775,-0.4444,0.0128,-0.2857,-0.1364,0.0153,0.0077,-0.2105,-0.0026,-0.0026,0.0092,0.0979,0.0220,-0.1999,-0.0503,-0.9242,-0.1129,-0.0789,-14,-0.0172,0.0594,0.0556,-0.0556,0,50,0,4,252,0.9259,1,0,0.0741,1,0.9259,0.9615,0.9547,0.9259,0.9259,2,6,0,10,4,10
78,WLNM_dir_neg_kfold,0.6111,0.4716,00:00:01,10,90,18,16363,fixed,0.5000,1,0.1667,0.2857,1,0,5,12,0.1667,1,0,0.8333,1,0.1667,0.2857,0.7222,0.6481,0.2105,0.3430,0.1667,61,55,6,0,61,0,55,0,6,18,54,0.1765,2.0927,6,4.1538,3.8571,2.9902,0.4984,0.2767,2.7440,0.9147,0.4959,3.5480,1.1827,0.5802,0.8194,0.3916,2.5000,0.3915,0.4030,45,0.0551,0.3414,0.2778,0.5000,0.2222,18,49,0.1601,1.8052,5.4444,4.0833,3.5000,2.7912,0.5127,0.2812,2.4688,0.9069,0.4864,3.5613,1.3082,0.6066,0.6102,0.3380,1.5560,0.2479,0.2737,25,0.0306,0.4056,0.3333,0.4444,0.2222,-5,-0.0163,-0.2875,-0.5556,-0.0705,-0.3571,-0.1990,0.0143,0.0044,-0.2752,-0.0078,-0.0095,0.0133,0.1256,0.0263,-0.2092,-0.0535,-0.9440,-0.1436,-0.1293,-20,-0.0245,0.0642,0.0556,-0.0556,0,49,0,5,252,0.9074,1,0,0.0926,1,0.9074,0.9515,0.9433,0.9074,0.9074,1,6,0,10,4,10
79,WLNM_dir_neg_kfold,0.7917,0.6043,00:00:01,10,90,19,16364,fixed,0.5000,1,0.1667,0.2857,1,0,5,12,0.1667,1,0,0.8333,1,0.1667,0.2857,0.7222,0.6481,0.2105,0.3430,0.1667,61,55,6,0,61,0,55,0,6,18,54,0.1765,2.0927,6,4.1538,3.8571,2.9902,0.4984,0.2767,2.7440,0.9147,0.4959,3.5480,1.1827,0.5802,0.8194,0.3916,2.5000,0.3915,0.4030,45,0.0551,0.3414,0.2778,0.5000,0.2222,18,49,0.1601,1.8052,5.4444,4.0833,3.5000,2.7912,0.5127,0.2812,2.4688,0.9069,0.4864,3.5613,1.3082,0.6066,0.6102,0.3380,1.5560,0.2479,0.2737,25,0.0306,0.4056,0.3333,0.4444,0.2222,-5,-0.0163,-0.2875,-0.5556,-0.0705,-0.3571,-0.1990,0.0143,0.0044,-0.2752,-0.0078,-0.0095,0.0133,0.1256,0.0263,-0.2092,-0.0535,-0.9440,-0.1436,-0.1293,-20,-0.0245,0.0642,0.0556,-0.0556,0,49,0,5,252,0.9074,1,0,0.0926,1,0.9074,0.9515,0.9433,0.9074,0.9074,1,6,0,10,4,10
80,WLNM_dir_neg_kfold,0.4306,0.2422,00:00:01,10,90,20,16365,fixed,0.5000,1,0.1667,0.2857,1,0,5,12,0.1667,1,0,0.8333,1,0.1667,0.2857,0.7222,0.6481,0.2105,0.3430,0.1667,61,55,6,0,61,0,55,0,6,18,54,0.1765,2.0927,6,4.1538,3.8571,2.9902,0.4984,0.2767,2.7440,0.9147,0.4959,3.5480,1.1827,0.5802,0.8194,0.3916,2.5000,0.3915,0.4030,45,0.0551,0.3414,0.2778,0.5000,0.2222,18,49,0.1601,1.8052,5.4444,4.0833,3.5000,2.7912,0.5127,0.2812,2.4688,0.9069,0.4864,3.5613,1.3082,0.6066,0.6102,0.3380,1.5560,0.2479,0.2737,25,0.0306,0.4056,0.3333,0.4444,0.2222,-5,-0.0163,-0.2875,-0.5556,-0.0705,-0.3571,-0.1990,0.0143,0.0044,-0.2752,-0.0078,-0.0095,0.0133,0.1256,0.0263,-0.2092,-0.0535,-0.9440,-0.1436,-0.1293,-20,-0.0245,0.0642,0.0556,-0.0556,0,49,0,5,252,0.9074,1,0,0.0926,1,0.9074,0.9515,0.9433,0.9074,0.9074,1,6,0,10,4,10
81,WLNM_dir_neg_kfold,0.4800,0.2636,00:00:00,10,90,1,17346,fixed,0.5000,0.2500,0.2000,0.2222,1,3,4,7,0.2000,0.7000,0.3000,0.8000,0.2500,0.2000,0.2222,0.5333,0.5778,-0.1053,-0.1066,-0.1000,61,56,5,0,61,0,56,0,5,18,54,0.1765,2.0927,6,4.1538,3.8571,2.9902,0.4984,0.2767,2.7440,0.9147,0.4959,3.5480,1.1827,0.5802,0.8194,0.3916,2.5000,0.3915,0.4030,45,0.0551,0.3414,0.2778,0.5000,0.2222,18,53,0.1732,2.1264,5.8889,4.0769,4.0769,2.9484,0.5007,0.2767,2.7754,0.9426,0.5105,3.2983,1.1202,0.5650,0.8314,0.3910,2.5000,0.3719,0.4031,43,0.0527,0.2958,0.2778,0.4444,0.2778,-1,-0.0033,0.0337,-0.1111,-0.0769,0.2198,-0.0418,0.0023,-0.0000,0.0314,0.0279,0.0146,-0.2496,-0.0625,-0.0153,0.0120,-0.0006,0,-0.0196,0.0001,-2,-0.0025,-0.0456,0,-0.0556,0.0556,50,3,4,249,0.9259,0.9881,0.0119,0.0741,0.9434,0.9259,0.9346,0.9208,0.9140,0.8772,4,5,0,10,5,10
82,WLNM_dir_neg_kfold,0.7400,0.3914,00:00:01,10,90,2,17347,fixed,0.5000,0.3333,0.2000,0.2500,1,2,4,8,0.2000,0.8000,0.2000,0.8000,0.3333,0.2000,0.2500,0.6000,0.6000,0,0,0,61,56,5,0,61,0,56,0,5,18,54,0.1765,2.0927,6,4.1538,3.8571,2.9902,0.4984,0.2767,2.7440,0.9147,0.4959,3.5480,1.1827,0.5802,0.8194,0.3916,2.5000,0.3915,0.4030,45,0.0551,0.3414,0.2778,0.5000,0.2222,18,52,0.1699,2.1012,5.7778,4,4,2.9014,0.5022,0.2778,2.7201,0.9416,0.5085,3.3587,1.1626,0.5833,0.8194,0.3900,2.5000,0.3410,0.3506,36,0.0441,0.3088,0.2778,0.4444,0.2778,-2,-0.0065,0.0085,-0.2222,-0.1538,0.1429,-0.0887,0.0038,0.0010,-0.0239,0.0269,0.0127,-0.1893,-0.0200,0.0031,0.0000,-0.0016,0,-0.0504,-0.0523,-9,-0.0110,-0.0326,0,-0.0556,0.0556,50,2,4,250,0.9259,0.9921,0.0079,0.0741,0.9615,0.9259,0.9434,0.9318,0.9180,0.8929,3,5,0,10,5,10
83,WLNM_dir_neg_kfold,0.6800,0.4537,00:00:01,10,90,3,17348,fixed,0.5000,0.7500,0.6000,0.6667,3,1,2,9,0.6000,0.9000,0.1000,0.4000,0.7500,0.6000,0.6667,0.8000,0.5778,0.5263,0.5330,0.5000,61,56,5,0,61,0,56,0,5,18,54,0.1765,2.0927,6,4.1538,3.8571,2.9902,0.4984,0.2767,2.7440,0.9147,0.4959,3.5480,1.1827,0.5802,0.8194,0.3916,2.5000,0.3915,0.4030,45,0.0551,0.3414,0.2778,0.5000,0.2222,18,53,0.1732,2.0742,5.8889,4.0769,3.7857,3.0465,0.5173,0.2872,2.6673,0.9059,0.4937,3.5226,1.1963,0.5818,0.8122,0.3916,2.5000,0.3460,0.3654,38,0.0466,0.3418,0.2778,0.5000,0.2222,-1,-0.0033,-0.0185,-0.1111,-0.0769,-0.0714,0.0563,0.0190,0.0105,-0.0767,-0.0088,-0.0022,-0.0254,0.0137,0.0015,-0.0072,0.0000,0,-0.0455,-0.0376,-7,-0.0086,0.0004,0,0,0,52,1,2,251,0.9630,0.9960,0.0040,0.0370,0.9811,0.9630,0.9720,0.9661,0.9590,0.9455,4,5,0,10,5,10
84,WLNM_dir_neg_kfold,0.6800,0.5352,00:00:01,10,90,4,17349,fixed,0.5000,1,0.6000,0.7500,3,0,2,10,0.6000,1,0,0.4000,1,0.6000,0.7500,0.8667,0.6000,0.6667,0.7071,0.6000,61,56,5,0,61,0,56,0,5,18,54,0.1765,2.0927,6,4.1538,3.8571,2.9902,0.4984,0.2767,2.7440,0.9147,0.4959,3.5480,1.1827,0.5802,0.8194,0.3916,2.5000,0.3915,0.4030,45,0.0551,0.3414,0.2778,0.5000,0.2222,18,52,0.1699,2.0638,5.7778,4,4,2.9616,0.5126,0.2842,2.5870,0.8955,0.4893,3.5627,1.2332,0.6026,0.8004,0.3878,2.5000,0.3460,0.3654,38,0.0466,0.3492,0.2778,0.4444,0.2778,-2,-0.0065,-0.0289,-0.2222,-0.1538,0.1429,-0.0286,0.0142,0.0074,-0.1569,-0.0191,-0.0066,0.0147,0.0506,0.0223,-0.0191,-0.0038,0,-0.0455,-0.0376,-7,-0.0086,0.0078,0,-0.0556,0.0556,52,0,2,252,0.9630,1,0,0.0370,1,0.9630,0.9811,0.9774,0.9630,0.9630,3,5,0,10,5,10
85,WLNM_dir_neg_kfold,0.7200,0.4386,00:00:01,10,90,5,17350,fixed,0.5000,0.5000,0.2000,0.2857,1,1,4,9,0.2000,0.9000,0.1000,0.8000,0.5000,0.2000,0.2857,0.6667,0.6222,0.1176,0.1387,0.1000,61,56,5,0,61,0,56,0,5,18,54,0.1765,2.0927,6,4.1538,3.8571,2.9902,0.4984,0.2767,2.7440,0.9147,0.4959,3.5480,1.1827,0.5802,0.8194,0.3916,2.5000,0.3915,0.4030,45,0.0551,0.3414,0.2778,0.5000,0.2222,18,51,0.1667,2.4544,5.6667,3.6429,3.9231,2.8901,0.5100,0.2832,2.5263,0.8916,0.4847,3.3825,1.1938,0.5959,0.8774,0.3575,2.5000,0.3411,0.3423,34,0.0417,0.2916,0.2222,0.5000,0.2778,-3,-0.0098,0.3617,-0.3333,-0.5110,0.0659,-0.1000,0.0117,0.0065,-0.2176,-0.0230,-0.0111,-0.1655,0.0112,0.0156,0.0579,-0.0341,0,-0.0504,-0.0607,-11,-0.0135,-0.0498,-0.0556,0,0.0556,50,1,4,251,0.9259,0.9960,0.0040,0.0741,0.9804,0.9259,0.9524,0.9431,0.9220,0.9091,2,5,0,10,5,10
86,WLNM_dir_neg_kfold,0.7000,0.4014,00:00:01,10,90,6,17351,fixed,0.5000,0.6000,0.6000,0.6000,3,2,2,8,0.6000,0.8000,0.2000,0.4000,0.6000,0.6000,0.6000,0.7333,0.5556,0.4000,0.4000,0.4000,61,56,5,0,61,0,56,0,5,18,54,0.1765,2.0927,6,4.1538,3.8571,2.9902,0.4984,0.2767,2.7440,0.9147,0.4959,3.5480,1.1827,0.5802,0.8194,0.3916,2.5000,0.3915,0.4030,45,0.0551,0.3414,0.2778,0.5000,0.2222,18,54,0.1765,2.1055,6,4.1538,4.1538,2.8697,0.4783,0.2644,2.6122,0.8707,0.4753,3.6299,1.2100,0.6008,0.8071,0.3834,2.5000,0.3317,0.3465,38,0.0466,0.3481,0.2778,0.4444,0.2778,0,0,0.0128,0,0,0.2967,-0.1205,-0.0201,-0.0123,-0.1318,-0.0439,-0.0206,0.0820,0.0273,0.0206,-0.0123,-0.0082,0,-0.0598,-0.0565,-7,-0.0086,0.0067,0,-0.0556,0.0556,52,2,2,250,0.9630,0.9921,0.0079,0.0370,0.9630,0.9630,0.9630,0.9550,0.9550,0.9286,5,5,0,10,5,10
87,WLNM_dir_neg_kfold,0.6000,0.3725,00:00:01,10,90,7,17352,fixed,0.5000,0.6000,0.6000,0.6000,3,2,2,8,0.6000,0.8000,0.2000,0.4000,0.6000,0.6000,0.6000,0.7333,0.5556,0.4000,0.4000,0.4000,61,56,5,0,61,0,56,0,5,18,54,0.1765,2.0927,6,4.1538,3.8571,2.9902,0.4984,0.2767,2.7440,0.9147,0.4959,3.5480,1.1827,0.5802,0.8194,0.3916,2.5000,0.3915,0.4030,45,0.0551,0.3414,0.2778,0.5000,0.2222,18,54,0.1765,2.2313,6,3.8571,4.1538,2.8901,0.4817,0.2665,2.6568,0.8856,0.4794,3.5480,1.1827,0.5864,0.8160,0.3657,2.5000,0.3583,0.3636,40,0.0490,0.3012,0.2222,0.5000,0.2778,0,0,0.1386,0,-0.2967,0.2967,-0.1000,-0.0167,-0.0103,-0.0871,-0.0290,-0.0165,0,0,0.0062,-0.0034,-0.0258,0,-0.0331,-0.0393,-5,-0.0061,-0.0402,-0.0556,0,0.0556,52,2,2,250,0.9630,0.9921,0.0079,0.0370,0.9630,0.9630,0.9630,0.9550,0.9550,0.9286,5,5,0,10,5,10
88,WLNM_dir_neg_kfold,0.6000,0.5136,00:00:01,10,90,8,17353,fixed,0.5000,0.7500,0.6000,0.6667,3,1,2,9,0.6000,0.9000,0.1000,0.4000,0.7500,0.6000,0.6667,0.8000,0.5778,0.5263,0.5330,0.5000,61,56,5,0,61,0,56,0,5,18,54,0.1765,2.0927,6,4.1538,3.8571,2.9902,0.4984,0.2767,2.7440,0.9147,0.4959,3.5480,1.1827,0.5802,0.8194,0.3916,2.5000,0.3915,0.4030,45,0.0551,0.3414,0.2778,0.5000,0.2222,18,53,0.1732,2.0638,5.8889,4.0769,4.0769,3.0657,0.5206,0.2883,2.5546,0.8676,0.4748,3.6858,1.2518,0.6090,0.8004,0.3878,2.5000,0.3593,0.3750,41,0.0502,0.3735,0.2778,0.4444,0.2778,-1,-0.0033,-0.0289,-0.1111,-0.0769,0.2198,0.0755,0.0222,0.0115,-0.1893,-0.0470,-0.0210,0.1378,0.0691,0.0288,-0.0191,-0.0038,0,-0.0321,-0.0280,-4,-0.0049,0.0321,0,-0.0556,0.0556,52,1,2,251,0.9630,0.9960,0.0040,0.0370,0.9811,0.9630,0.9720,0.9661,0.9590,0.9455,4,5,0,10,5,10
89,WLNM_dir_neg_kfold,0.6400,0.3852,00:00:01,10,90,9,17354,fixed,0.5000,0.5000,0.2000,0.2857,1,1,4,9,0.2000,0.9000,0.1000,0.8000,0.5000,0.2000,0.2857,0.6667,0.6222,0.1176,0.1387,0.1000,61,56,5,0,61,0,56,0,5,18,54,0.1765,2.0927,6,4.1538,3.8571,2.9902,0.4984,0.2767,2.7440,0.9147,0.4959,3.5480,1.1827,0.5802,0.8194,0.3916,2.5000,0.3915,0.4030,45,0.0551,0.3414,0.2778,0.5000,0.2222,18,51,0.1667,2.0985,5.6667,3.9231,3.9231,2.7653,0.4880,0.2712,2.5952,0.9160,0.5000,3.3825,1.1938,0.5959,0.8140,0.3879,2.5000,0.3293,0.3288,32,0.0392,0.3124,0.2778,0.4444,0.2778,-3,-0.0098,0.0058,-0.3333,-0.2308,0.0659,-0.2248,-0.0104,-0.0055,-0.1487,0.0013,0.0041,-0.1655,0.0112,0.0156,-0.0054,-0.0037,0,-0.0622,-0.0742,-13,-0.0159,-0.0290,0,-0.0556,0.0556,50,1,4,251,0.9259,0.9960,0.0040,0.0741,0.9804,0.9259,0.9524,0.9431,0.9220,0.9091,2,5,0,10,5,10
90,WLNM_dir_neg_kfold,0.3000,0.2493,00:00:01,10,90,10,17355,fixed,0.5000,0.3333,0.2000,0.2500,1,2,4,8,0.2000,0.8000,0.2000,0.8000,0.3333,0.2000,0.2500,0.6000,0.6000,0,0,0,61,56,5,0,61,0,56,0,5,18,54,0.1765,2.0927,6,4.1538,3.8571,2.9902,0.4984,0.2767,2.7440,0.9147,0.4959,3.5480,1.1827,0.5802,0.8194,0.3916,2.5000,0.3915,0.4030,45,0.0551,0.3414,0.2778,0.5000,0.2222,18,52,0.1699,2.2184,5.7778,4,4,2.9014,0.5022,0.2778,2.6765,0.9265,0.4979,3.3058,1.1443,0.5769,0.9480,0.4274,3,0.3325,0.3506,36,0.0441,0.3098,0.2778,0.4444,0.2778,-2,-0.0065,0.1257,-0.2222,-0.1538,0.1429,-0.0887,0.0038,0.0010,-0.0675,0.0118,0.0020,-0.2422,-0.0384,-0.0033,0.1286,0.0358,0.5000,-0.0590,-0.0523,-9,-0.0110,-0.0316,0,-0.0556,0.0556,50,2,4,250,0.9259,0.9921,0.0079,0.0741,0.9615,0.9259,0.9434,0.9318,0.9180,0.8929,3,5,0,10,5,10
91,WLNM_dir_neg_kfold,0.6400,0.3789,00:00:01,10,90,11,17356,fixed,0.5000,0.5000,0.6000,0.5455,3,3,2,7,0.6000,0.7000,0.3000,0.4000,0.5000,0.6000,0.5455,0.6667,0.5333,0.2857,0.2887,0.3000,61,56,5,0,61,0,56,0,5,18,54,0.1765,2.0927,6,4.1538,3.8571,2.9902,0.4984,0.2767,2.7440,0.9147,0.4959,3.5480,1.1827,0.5802,0.8194,0.3916,2.5000,0.3915,0.4030,45,0.0551,0.3414,0.2778,0.5000,0.2222,18,55,0.1797,2.2832,6.1111,3.9286,3.9286,3.3058,0.5409,0.3010,2.7326,0.8943,0.4838,3.6376,1.1905,0.5828,0.8262,0.3619,2.5000,0.4524,0.4509,52,0.0637,0.3171,0.2222,0.5556,0.2222,1,0.0033,0.1905,0.1111,-0.2253,0.0714,0.3156,0.0426,0.0243,-0.0113,-0.0203,-0.0120,0.0896,0.0078,0.0026,0.0068,-0.0297,0,0.0609,0.0479,7,0.0086,-0.0243,-0.0556,0.0556,0,52,3,2,249,0.9630,0.9881,0.0119,0.0370,0.9455,0.9630,0.9541,0.9442,0.9511,0.9123,6,5,0,10,5,10
92,WLNM_dir_neg_kfold,0.6800,0.3513,00:00:01,10,90,12,17357,fixed,0.5000,0.3333,0.2000,0.2500,1,2,4,8,0.2000,0.8000,0.2000,0.8000,0.3333,0.2000,0.2500,0.6000,0.6000,0,0,0,61,56,5,0,61,0,56,0,5,18,54,0.1765,2.0927,6,4.1538,3.8571,2.9902,0.4984,0.2767,2.7440,0.9147,0.4959,3.5480,1.1827,0.5802,0.8194,0.3916,2.5000,0.3915,0.4030,45,0.0551,0.3414,0.2778,0.5000,0.2222,18,52,0.1699,3.0820,5.7778,3.7143,4,2.7982,0.4843,0.2682,2.4944,0.8635,0.4701,3.5128,1.2160,0.6026,1.7094,0.5546,5.5000,0.3582,0.3356,33,0.0404,0.3086,0.2222,0.5000,0.2778,-2,-0.0065,0.9894,-0.2222,-0.4396,0.1429,-0.1920,-0.0141,-0.0086,-0.2495,-0.0512,-0.0258,-0.0352,0.0333,0.0223,0.8900,0.1631,3,-0.0333,-0.0674,-12,-0.0147,-0.0328,-0.0556,0,0.0556,50,2,4,250,0.9259,0.9921,0.0079,0.0741,0.9615,0.9259,0.9434,0.9318,0.9180,0.8929,3,5,0,10,5,10
93,WLNM_dir_neg_kfold,0.7800,0.5789,00:00:01,10,90,13,17358,fixed,0.5000,1,0.6000,0.7500,3,0,2,10,0.6000,1,0,0.4000,1,0.6000,0.7500,0.8667,0.6000,0.6667,0.7071,0.6000,61,56,5,0,61,0,56,0,5,18,54,0.1765,2.0927,6,4.1538,3.8571,2.9902,0.4984,0.2767,2.7440,0.9147,0.4959,3.5480,1.1827,0.5802,0.8194,0.3916,2.5000,0.3915,0.4030,45,0.0551,0.3414,0.2778,0.5000,0.2222,18,52,0.1699,2.0638,5.7778,4,4,2.9616,0.5126,0.2842,2.5870,0.8955,0.4893,3.5627,1.2332,0.6026,0.8004,0.3878,2.5000,0.3460,0.3654,38,0.0466,0.3492,0.2778,0.4444,0.2778,-2,-0.0065,-0.0289,-0.2222,-0.1538,0.1429,-0.0286,0.0142,0.0074,-0.1569,-0.0191,-0.0066,0.0147,0.0506,0.0223,-0.0191,-0.0038,0,-0.0455,-0.0376,-7,-0.0086,0.0078,0,-0.0556,0.0556,52,0,2,252,0.9630,1,0,0.0370,1,0.9630,0.9811,0.9774,0.9630,0.9630,3,5,0,10,5,10
94,WLNM_dir_neg_kfold,0.7200,0.5169,00:00:01,10,90,14,17359,fixed,0.5000,0.7500,0.6000,0.6667,3,1,2,9,0.6000,0.9000,0.1000,0.4000,0.7500,0.6000,0.6667,0.8000,0.5778,0.5263,0.5330,0.5000,61,56,5,0,61,0,56,0,5,18,54,0.1765,2.0927,6,4.1538,3.8571,2.9902,0.4984,0.2767,2.7440,0.9147,0.4959,3.5480,1.1827,0.5802,0.8194,0.3916,2.5000,0.3915,0.4030,45,0.0551,0.3414,0.2778,0.5000,0.2222,18,53,0.1732,2.0667,5.8889,4.0769,4.0769,3.0465,0.5173,0.2872,2.7110,0.9207,0.4979,3.5558,1.2076,0.5964,0.8040,0.3890,2.5000,0.3535,0.3865,42,0.0515,0.3477,0.2778,0.4444,0.2778,-1,-0.0033,-0.0260,-0.1111,-0.0769,0.2198,0.0563,0.0190,0.0105,-0.0329,0.0061,0.0020,0.0078,0.0250,0.0162,-0.0154,-0.0025,0,-0.0380,-0.0165,-3,-0.0037,0.0063,0,-0.0556,0.0556,52,1,2,251,0.9630,0.9960,0.0040,0.0370,0.9811,0.9630,0.9720,0.9661,0.9590,0.9455,4,5,0,10,5,10
95,WLNM_dir_neg_kfold,0.7200,0.5484,00:00:01,10,90,15,17360,fixed,0.5000,0.5000,0.6000,0.5455,3,3,2,7,0.6000,0.7000,0.3000,0.4000,0.5000,0.6000,0.5455,0.6667,0.5333,0.2857,0.2887,0.3000,61,56,5,0,61,0,56,0,5,18,54,0.1765,2.0927,6,4.1538,3.8571,2.9902,0.4984,0.2767,2.7440,0.9147,0.4959,3.5480,1.1827,0.5802,0.8194,0.3916,2.5000,0.3915,0.4030,45,0.0551,0.3414,0.2778,0.5000,0.2222,18,55,0.1797,2.7060,6.1111,3.6667,4.2308,3.3235,0.5438,0.3010,2.5082,0.8209,0.4495,3.7176,1.2167,0.6030,0.9121,0.3371,2.7731,0.4603,0.4397,51,0.0625,0.2943,0.1667,0.5556,0.2778,1,0.0033,0.6133,0.1111,-0.4872,0.3736,0.3333,0.0455,0.0243,-0.2358,-0.0938,-0.0464,0.1696,0.0340,0.0228,0.0927,-0.0545,0.2731,0.0688,0.0367,6,0.0074,-0.0471,-0.1111,0.0556,0.0556,52,3,2,249,0.9630,0.9881,0.0119,0.0370,0.9455,0.9630,0.9541,0.9442,0.9511,0.9123,6,5,0,10,5,10
96,WLNM_dir_neg_kfold,0.7000,0.5438,00:00:01,10,90,16,17361,fixed,0.5000,1,0.6000,0.7500,3,0,2,10,0.6000,1,0,0.4000,1,0.6000,0.7500,0.8667,0.6000,0.6667,0.7071,0.6000,61,56,5,0,61,0,56,0,5,18,54,0.1765,2.0927,6,4.1538,3.8571,2.9902,0.4984,0.2767,2.7440,0.9147,0.4959,3.5480,1.1827,0.5802,0.8194,0.3916,2.5000,0.3915,0.4030,45,0.0551,0.3414,0.2778,0.5000,0.2222,18,52,0.1699,2.0638,5.7778,4,4,2.9616,0.5126,0.2842,2.5870,0.8955,0.4893,3.5627,1.2332,0.6026,0.8004,0.3878,2.5000,0.3460,0.3654,38,0.0466,0.3492,0.2778,0.4444,0.2778,-2,-0.0065,-0.0289,-0.2222,-0.1538,0.1429,-0.0286,0.0142,0.0074,-0.1569,-0.0191,-0.0066,0.0147,0.0506,0.0223,-0.0191,-0.0038,0,-0.0455,-0.0376,-7,-0.0086,0.0078,0,-0.0556,0.0556,52,0,2,252,0.9630,1,0,0.0370,1,0.9630,0.9811,0.9774,0.9630,0.9630,3,5,0,10,5,10
97,WLNM_dir_neg_kfold,0.5600,0.2741,00:00:01,10,90,17,17362,fixed,0.5000,1,0.2000,0.3333,1,0,4,10,0.2000,1,0,0.8000,1,0.2000,0.3333,0.7333,0.6444,0.2500,0.3780,0.2000,61,56,5,0,61,0,56,0,5,18,54,0.1765,2.0927,6,4.1538,3.8571,2.9902,0.4984,0.2767,2.7440,0.9147,0.4959,3.5480,1.1827,0.5802,0.8194,0.3916,2.5000,0.3915,0.4030,45,0.0551,0.3414,0.2778,0.5000,0.2222,18,50,0.1634,2.0846,5.5556,3.8462,3.8462,2.7912,0.5024,0.2789,2.5795,0.9286,0.5044,3.3353,1.2007,0.5956,0.8134,0.3902,2.5000,0.3338,0.3392,32,0.0392,0.3101,0.2778,0.4444,0.2778,-4,-0.0131,-0.0080,-0.4444,-0.3077,-0.0110,-0.1990,0.0041,0.0021,-0.1645,0.0139,0.0086,-0.2127,0.0180,0.0153,-0.0060,-0.0014,0,-0.0577,-0.0638,-13,-0.0159,-0.0313,0,-0.0556,0.0556,50,0,4,252,0.9259,1,0,0.0741,1,0.9259,0.9615,0.9547,0.9259,0.9259,1,5,0,10,5,10
98,WLNM_dir_neg_kfold,0.5400,0.2771,00:00:01,10,90,18,17363,fixed,0.5000,0.5000,0.6000,0.5455,3,3,2,7,0.6000,0.7000,0.3000,0.4000,0.5000,0.6000,0.5455,0.6667,0.5333,0.2857,0.2887,0.3000,61,56,5,0,61,0,56,0,5,18,54,0.1765,2.0927,6,4.1538,3.8571,2.9902,0.4984,0.2767,2.7440,0.9147,0.4959,3.5480,1.1827,0.5802,0.8194,0.3916,2.5000,0.3915,0.4030,45,0.0551,0.3414,0.2778,0.5000,0.2222,18,55,0.1797,2.0840,6.1111,4.2308,4.2308,2.9283,0.4792,0.2646,2.6673,0.8729,0.4758,3.5887,1.1745,0.5869,0.8133,0.3903,2.5625,0.3298,0.3673,42,0.0515,0.3473,0.2778,0.4444,0.2778,1,0.0033,-0.0087,0.1111,0.0769,0.3736,-0.0618,-0.0192,-0.0121,-0.0767,-0.0417,-0.0201,0.0408,-0.0082,0.0066,-0.0061,-0.0013,0.0625,-0.0617,-0.0356,-3,-0.0037,0.0059,0,-0.0556,0.0556,52,3,2,249,0.9630,0.9881,0.0119,0.0370,0.9455,0.9630,0.9541,0.9442,0.9511,0.9123,6,5,0,10,5,10
99,WLNM_dir_neg_kfold,0.8000,0.5852,00:00:01,10,90,19,17364,fixed,0.5000,1,0.6000,0.7500,3,0,2,10,0.6000,1,0,0.4000,1,0.6000,0.7500,0.8667,0.6000,0.6667,0.7071,0.6000,61,56,5,0,61,0,56,0,5,18,54,0.1765,2.0927,6,4.1538,3.8571,2.9902,0.4984,0.2767,2.7440,0.9147,0.4959,3.5480,1.1827,0.5802,0.8194,0.3916,2.5000,0.3915,0.4030,45,0.0551,0.3414,0.2778,0.5000,0.2222,18,52,0.1699,2.0638,5.7778,4,4,2.9616,0.5126,0.2842,2.5870,0.8955,0.4893,3.5627,1.2332,0.6026,0.8004,0.3878,2.5000,0.3460,0.3654,38,0.0466,0.3492,0.2778,0.4444,0.2778,-2,-0.0065,-0.0289,-0.2222,-0.1538,0.1429,-0.0286,0.0142,0.0074,-0.1569,-0.0191,-0.0066,0.0147,0.0506,0.0223,-0.0191,-0.0038,0,-0.0455,-0.0376,-7,-0.0086,0.0078,0,-0.0556,0.0556,52,0,2,252,0.9630,1,0,0.0370,1,0.9630,0.9811,0.9774,0.9630,0.9630,3,5,0,10,5,10
100,WLNM_dir_neg_kfold,0.7200,0.4147,00:00:01,10,90,20,17365,fixed,0.5000,1,0.2000,0.3333,1,0,4,10,0.2000,1,0,0.8000,1,0.2000,0.3333,0.7333,0.6444,0.2500,0.3780,0.2000,61,56,5,0,61,0,56,0,5,18,54,0.1765,2.0927,6,4.1538,3.8571,2.9902,0.4984,0.2767,2.7440,0.9147,0.4959,3.5480,1.1827,0.5802,0.8194,0.3916,2.5000,0.3915,0.4030,45,0.0551,0.3414,0.2778,0.5000,0.2222,18,50,0.1634,2.0846,5.5556,3.8462,3.8462,2.7912,0.5024,0.2789,2.5795,0.9286,0.5044,3.3353,1.2007,0.5956,0.8134,0.3902,2.5000,0.3338,0.3392,32,0.0392,0.3101,0.2778,0.4444,0.2778,-4,-0.0131,-0.0080,-0.4444,-0.3077,-0.0110,-0.1990,0.0041,0.0021,-0.1645,0.0139,0.0086,-0.2127,0.0180,0.0153,-0.0060,-0.0014,0,-0.0577,-0.0638,-13,-0.0159,-0.0313,0,-0.0556,0.0556,50,0,4,252,0.9259,1,0,0.0741,1,0.9259,0.9615,0.9547,0.9259,0.9259,1,5,0,10,5,10
101,WLNM_dir_neg_kfold,0.8800,0.6855,00:00:01,10,90,1,18346,fixed,0.5000,0.5714,0.8000,0.6667,4,3,1,7,0.8000,0.7000,0.3000,0.2000,0.5714,0.8000,0.6667,0.7333,0.5111,0.4545,0.4725,0.5000,61,56,5,0,61,0,56,0,5,18,54,0.1765,2.0927,6,4.1538,3.8571,2.9902,0.4984,0.2767,2.7440,0.9147,0.4959,3.5480,1.1827,0.5802,0.8194,0.3916,2.5000,0.3915,0.4030,45,0.0551,0.3414,0.2778,0.5000,0.2222,18,56,0.1830,2.1624,6.2222,4.3077,4.3077,3.1165,0.5009,0.2788,2.6321,0.8460,0.4563,3.6924,1.1869,0.5933,0.8743,0.4043,2.8278,0.4192,0.4167,50,0.0613,0.3787,0.2778,0.4444,0.2778,2,0.0065,0.0697,0.2222,0.1538,0.4505,0.1263,0.0025,0.0020,-0.1118,-0.0686,-0.0395,0.1444,0.0042,0.0130,0.0549,0.0128,0.3278,0.0277,0.0137,5,0.0061,0.0373,0,-0.0556,0.0556,53,3,1,249,0.9815,0.9881,0.0119,0.0185,0.9464,0.9815,0.9636,0.9559,0.9696,0.9298,7,5,0,10,6,10
102,WLNM_dir_neg_kfold,0.8200,0.6047,00:00:01,10,90,2,18347,fixed,0.5000,0.6000,0.6000,0.6000,3,2,2,8,0.6000,0.8000,0.2000,0.4000,0.6000,0.6000,0.6000,0.7333,0.5556,0.4000,0.4000,0.4000,61,56,5,0,61,0,56,0,5,18,54,0.1765,2.0927,6,4.1538,3.8571,2.9902,0.4984,0.2767,2.7440,0.9147,0.4959,3.5480,1.1827,0.5802,0.8194,0.3916,2.5000,0.3915,0.4030,45,0.0551,0.3414,0.2778,0.5000,0.2222,18,54,0.1765,2.9433,6,3.8571,4.1538,2.9306,0.4884,0.2695,2.6346,0.8782,0.4753,3.5810,1.1937,0.5988,1.5512,0.5270,5,0.3694,0.4000,44,0.0539,0.3086,0.2222,0.5000,0.2778,0,0,0.8506,0,-0.2967,0.2967,-0.0596,-0.0099,-0.0072,-0.1094,-0.0365,-0.0206,0.0330,0.0110,0.0185,0.7318,0.1355,2.5000,-0.0220,-0.0030,-1,-0.0012,-0.0327,-0.0556,0,0.0556,52,2,2,250,0.9630,0.9921,0.0079,0.0370,0.9630,0.9630,0.9630,0.9550,0.9550,0.9286,5,5,0,10,6,10
103,WLNM_dir_neg_kfold,0.8200,0.6665,00:00:01,10,90,3,18348,fixed,0.5000,0.8000,0.8000,0.8000,4,1,1,9,0.8000,0.9000,0.1000,0.2000,0.8000,0.8000,0.8000,0.8667,0.5556,0.7000,0.7000,0.7000,61,56,5,0,61,0,56,0,5,18,54,0.1765,2.0927,6,4.1538,3.8571,2.9902,0.4984,0.2767,2.7440,0.9147,0.4959,3.5480,1.1827,0.5802,0.8194,0.3916,2.5000,0.3915,0.4030,45,0.0551,0.3414,0.2778,0.5000,0.2222,18,54,0.1765,2.0489,6,4.1538,4.1538,3.0098,0.5016,0.2788,2.7008,0.9003,0.4856,3.7101,1.2367,0.6070,0.7684,0.3751,2.0380,0.3499,0.3890,45,0.0551,0.3737,0.2778,0.4444,0.2778,0,0,-0.0438,0,0,0.2967,0.0196,0.0033,0.0021,-0.0432,-0.0144,-0.0103,0.1621,0.0540,0.0267,-0.0510,-0.0165,-0.4620,-0.0416,-0.0139,0,0,0.0323,0,-0.0556,0.0556,53,1,1,251,0.9815,0.9960,0.0040,0.0185,0.9815,0.9815,0.9815,0.9775,0.9775,0.9636,5,5,0,10,6,10
104,WLNM_dir_neg_kfold,0.7600,0.5586,00:00:01,10,90,4,18349,fixed,0.5000,0.6667,0.8000,0.7273,4,2,1,8,0.8000,0.8000,0.2000,0.2000,0.6667,0.8000,0.7273,0.8000,0.5333,0.5714,0.5774,0.6000,61,56,5,0,61,0,56,0,5,18,54,0.1765,2.0927,6,4.1538,3.8571,2.9902,0.4984,0.2767,2.7440,0.9147,0.4959,3.5480,1.1827,0.5802,0.8194,0.3916,2.5000,0.3915,0.4030,45,0.0551,0.3414,0.2778,0.5000,0.2222,18,55,0.1797,2.2108,6.1111,4.2308,4.2308,3.0076,0.4922,0.2727,2.6451,0.8657,0.4677,3.5723,1.1691,0.5869,0.9270,0.4193,3.0188,0.4077,0.4023,46,0.0564,0.3598,0.2778,0.4444,0.2778,1,0.0033,0.1181,0.1111,0.0769,0.3736,0.0174,-0.0062,-0.0040,-0.0988,-0.0490,-0.0282,0.0243,-0.0135,0.0066,0.1076,0.0277,0.5188,0.0162,-0.0007,1,0.0012,0.0184,0,-0.0556,0.0556,53,2,1,250,0.9815,0.9921,0.0079,0.0185,0.9636,0.9815,0.9725,0.9666,0.9735,0.9464,6,5,0,10,6,10
105,WLNM_dir_neg_kfold,0.9000,0.6944,00:00:01,10,90,5,18350,fixed,0.5000,0.6667,0.8000,0.7273,4,2,1,8,0.8000,0.8000,0.2000,0.2000,0.6667,0.8000,0.7273,0.8000,0.5333,0.5714,0.5774,0.6000,61,56,5,0,61,0,56,0,5,18,54,0.1765,2.0927,6,4.1538,3.8571,2.9902,0.4984,0.2767,2.7440,0.9147,0.4959,3.5480,1.1827,0.5802,0.8194,0.3916,2.5000,0.3915,0.4030,45,0.0551,0.3414,0.2778,0.5000,0.2222,18,55,0.1797,2.1804,6.1111,3.9286,3.9286,3.0271,0.4953,0.2737,2.6673,0.8729,0.4737,3.6698,1.2010,0.5869,0.7776,0.3566,2.5000,0.4296,0.3988,46,0.0564,0.3154,0.2222,0.5556,0.2222,1,0.0033,0.0877,0.1111,-0.2253,0.0714,0.0369,-0.0030,-0.0030,-0.0767,-0.0417,-0.0221,0.1218,0.0184,0.0066,-0.0419,-0.0350,0,0.0381,-0.0041,1,0.0012,-0.0260,-0.0556,0.0556,0,53,2,1,250,0.9815,0.9921,0.0079,0.0185,0.9636,0.9815,0.9725,0.9666,0.9735,0.9464,6,5,0,10,6,10
106,WLNM_dir_neg_kfold,0.9000,0.6606,00:00:01,10,90,6,18351,fixed,0.5000,0.6667,0.8000,0.7273,4,2,1,8,0.8000,0.8000,0.2000,0.2000,0.6667,0.8000,0.7273,0.8000,0.5333,0.5714,0.5774,0.6000,61,56,5,0,61,0,56,0,5,18,54,0.1765,2.0927,6,4.1538,3.8571,2.9902,0.4984,0.2767,2.7440,0.9147,0.4959,3.5480,1.1827,0.5802,0.8194,0.3916,2.5000,0.3915,0.4030,45,0.0551,0.3414,0.2778,0.5000,0.2222,18,55,0.1797,2.3498,6.1111,4.2308,4.2308,3.0849,0.5048,0.2798,2.6451,0.8657,0.4677,3.5723,1.1691,0.5848,1.1125,0.4734,3.5680,0.3915,0.4030,45,0.0551,0.3562,0.2778,0.4444,0.2778,1,0.0033,0.2571,0.1111,0.0769,0.3736,0.0947,0.0064,0.0030,-0.0988,-0.0490,-0.0282,0.0243,-0.0135,0.0046,0.2931,0.0819,1.0680,0,0,0,0,0.0148,0,-0.0556,0.0556,53,2,1,250,0.9815,0.9921,0.0079,0.0185,0.9636,0.9815,0.9725,0.9666,0.9735,0.9464,6,5,0,10,6,10
107,WLNM_dir_neg_kfold,0.8600,0.5911,00:00:01,10,90,7,18352,fixed,0.5000,0.6667,0.8000,0.7273,4,2,1,8,0.8000,0.8000,0.2000,0.2000,0.6667,0.8000,0.7273,0.8000,0.5333,0.5714,0.5774,0.6000,61,56,5,0,61,0,56,0,5,18,54,0.1765,2.0927,6,4.1538,3.8571,2.9902,0.4984,0.2767,2.7440,0.9147,0.4959,3.5480,1.1827,0.5802,0.8194,0.3916,2.5000,0.3915,0.4030,45,0.0551,0.3414,0.2778,0.5000,0.2222,18,55,0.1797,2.1191,6.1111,4.2308,4.2308,3.0271,0.4953,0.2747,2.7965,0.9152,0.4980,3.6858,1.2063,0.6010,0.8326,0.3929,2.5000,0.3855,0.4011,48,0.0588,0.3602,0.2778,0.4444,0.2778,1,0.0033,0.0265,0.1111,0.0769,0.3736,0.0369,-0.0030,-0.0020,0.0525,0.0006,0.0021,0.1378,0.0236,0.0208,0.0132,0.0013,0,-0.0059,-0.0019,3,0.0037,0.0188,0,-0.0556,0.0556,53,2,1,250,0.9815,0.9921,0.0079,0.0185,0.9636,0.9815,0.9725,0.9666,0.9735,0.9464,6,5,0,10,6,10
108,WLNM_dir_neg_kfold,0.7800,0.6169,00:00:01,10,90,8,18353,fixed,0.5000,0.5714,0.8000,0.6667,4,3,1,7,0.8000,0.7000,0.3000,0.2000,0.5714,0.8000,0.6667,0.7333,0.5111,0.4545,0.4725,0.5000,61,56,5,0,61,0,56,0,5,18,54,0.1765,2.0927,6,4.1538,3.8571,2.9902,0.4984,0.2767,2.7440,0.9147,0.4959,3.5480,1.1827,0.5802,0.8194,0.3916,2.5000,0.3915,0.4030,45,0.0551,0.3414,0.2778,0.5000,0.2222,18,56,0.1830,2.0513,6.2222,4.3077,4,3.1165,0.5009,0.2778,2.7416,0.8812,0.4802,3.7083,1.1920,0.5873,0.7541,0.3676,2.2500,0.4674,0.4227,51,0.0625,0.3654,0.2778,0.5000,0.2222,2,0.0065,-0.0414,0.2222,0.1538,0.1429,0.1263,0.0025,0.0010,-0.0024,-0.0334,-0.0157,0.1603,0.0093,0.0071,-0.0653,-0.0239,-0.2500,0.0759,0.0197,6,0.0074,0.0240,0,0,0,53,3,1,249,0.9815,0.9881,0.0119,0.0185,0.9464,0.9815,0.9636,0.9559,0.9696,0.9298,7,5,0,10,6,10
109,WLNM_dir_neg_kfold,0.9200,0.7056,00:00:01,10,90,9,18354,fixed,0.5000,0.6667,0.8000,0.7273,4,2,1,8,0.8000,0.8000,0.2000,0.2000,0.6667,0.8000,0.7273,0.8000,0.5333,0.5714,0.5774,0.6000,61,56,5,0,61,0,56,0,5,18,54,0.1765,2.0927,6,4.1538,3.8571,2.9902,0.4984,0.2767,2.7440,0.9147,0.4959,3.5480,1.1827,0.5802,0.8194,0.3916,2.5000,0.3915,0.4030,45,0.0551,0.3414,0.2778,0.5000,0.2222,18,55,0.1797,2.0931,6.1111,4.2308,4.2308,3.0271,0.4953,0.2737,2.8589,0.9356,0.5000,3.5558,1.1637,0.5828,0.8166,0.3901,2.5000,0.4255,0.4429,53,0.0650,0.3399,0.2778,0.4444,0.2778,1,0.0033,0.0004,0.1111,0.0769,0.3736,0.0369,-0.0030,-0.0030,0.1149,0.0210,0.0041,0.0078,-0.0189,0.0026,-0.0028,-0.0014,0,0.0341,0.0399,8,0.0098,-0.0015,0,-0.0556,0.0556,53,2,1,250,0.9815,0.9921,0.0079,0.0185,0.9636,0.9815,0.9725,0.9666,0.9735,0.9464,6,5,0,10,6,10
110,WLNM_dir_neg_kfold,0.8000,0.4914,00:00:01,10,90,10,18355,fixed,0.5000,0.8000,0.8000,0.8000,4,1,1,9,0.8000,0.9000,0.1000,0.2000,0.8000,0.8000,0.8000,0.8667,0.5556,0.7000,0.7000,0.7000,61,56,5,0,61,0,56,0,5,18,54,0.1765,2.0927,6,4.1538,3.8571,2.9902,0.4984,0.2767,2.7440,0.9147,0.4959,3.5480,1.1827,0.5802,0.8194,0.3916,2.5000,0.3915,0.4030,45,0.0551,0.3414,0.2778,0.5000,0.2222,18,54,0.1765,2.1036,6,4.1538,4.1538,3.0098,0.5016,0.2788,2.7440,0.9147,0.4959,3.6299,1.2100,0.6008,0.8257,0.3925,2.5000,0.3903,0.4063,47,0.0576,0.3556,0.2778,0.4444,0.2778,0,0,0.0109,0,0,0.2967,0.0196,0.0033,0.0021,0,0,0,0.0820,0.0273,0.0206,0.0063,0.0010,0,-0.0012,0.0034,2,0.0025,0.0142,0,-0.0556,0.0556,53,1,1,251,0.9815,0.9960,0.0040,0.0185,0.9815,0.9815,0.9815,0.9775,0.9775,0.9636,5,5,0,10,6,10
111,WLNM_dir_neg_kfold,0.7600,0.4952,00:00:01,10,90,11,18356,fixed,0.5000,0.5000,0.4000,0.4444,2,2,3,8,0.4000,0.8000,0.2000,0.6000,0.5000,0.4000,0.4444,0.6667,0.5778,0.2105,0.2132,0.2000,61,56,5,0,61,0,56,0,5,18,54,0.1765,2.0927,6,4.1538,3.8571,2.9902,0.4984,0.2767,2.7440,0.9147,0.4959,3.5480,1.1827,0.5802,0.8194,0.3916,2.5000,0.3915,0.4030,45,0.0551,0.3414,0.2778,0.5000,0.2222,18,53,0.1732,2.0662,5.8889,4.0769,4.0769,3.0849,0.5238,0.2893,2.7754,0.9426,0.5105,3.4721,1.1792,0.5922,0.7856,0.3802,2.0692,0.3624,0.4087,44,0.0539,0.3148,0.2778,0.4444,0.2778,-1,-0.0033,-0.0264,-0.1111,-0.0769,0.2198,0.0947,0.0255,0.0126,0.0314,0.0279,0.0146,-0.0759,-0.0035,0.0120,-0.0338,-0.0114,-0.4308,-0.0291,0.0057,-1,-0.0012,-0.0266,0,-0.0556,0.0556,51,2,3,250,0.9444,0.9921,0.0079,0.0556,0.9623,0.9444,0.9533,0.9434,0.9365,0.9107,4,5,0,10,6,10
112,WLNM_dir_neg_kfold,0.8200,0.6665,00:00:01,10,90,12,18357,fixed,0.5000,0.8000,0.8000,0.8000,4,1,1,9,0.8000,0.9000,0.1000,0.2000,0.8000,0.8000,0.8000,0.8667,0.5556,0.7000,0.7000,0.7000,61,56,5,0,61,0,56,0,5,18,54,0.1765,2.0927,6,4.1538,3.8571,2.9902,0.4984,0.2767,2.7440,0.9147,0.4959,3.5480,1.1827,0.5802,0.8194,0.3916,2.5000,0.3915,0.4030,45,0.0551,0.3414,0.2778,0.5000,0.2222,18,54,0.1765,3.0442,6,3.8571,4.1538,2.9306,0.4884,0.2716,2.6568,0.8856,0.4794,3.5810,1.1937,0.5947,1.6971,0.5575,5.5000,0.4382,0.4111,47,0.0576,0.3073,0.2222,0.5000,0.2778,0,0,0.9516,0,-0.2967,0.2967,-0.0596,-0.0099,-0.0051,-0.0871,-0.0290,-0.0165,0.0330,0.0110,0.0144,0.8777,0.1659,3,0.0468,0.0081,2,0.0025,-0.0341,-0.0556,0,0.0556,53,1,1,251,0.9815,0.9960,0.0040,0.0185,0.9815,0.9815,0.9815,0.9775,0.9775,0.9636,5,5,0,10,6,10
113,WLNM_dir_neg_kfold,0.7600,0.5085,00:00:01,10,90,13,18358,fixed,0.5000,0.5714,0.8000,0.6667,4,3,1,7,0.8000,0.7000,0.3000,0.2000,0.5714,0.8000,0.6667,0.7333,0.5111,0.4545,0.4725,0.5000,61,56,5,0,61,0,56,0,5,18,54,0.1765,2.0927,6,4.1538,3.8571,2.9902,0.4984,0.2767,2.7440,0.9147,0.4959,3.5480,1.1827,0.5802,0.8194,0.3916,2.5000,0.3915,0.4030,45,0.0551,0.3414,0.2778,0.5000,0.2222,18,56,0.1830,2.8965,6.2222,4,4,3.1540,0.5069,0.2808,2.7842,0.8949,0.4861,3.4960,1.1237,0.5556,1.2022,0.4150,4.0610,0.3642,0.3959,45,0.0551,0.2942,0.2222,0.5556,0.2222,2,0.0065,0.8038,0.2222,-0.1538,0.1429,0.1638,0.0085,0.0040,0.0402,-0.0197,-0.0098,-0.0520,-0.0589,-0.0247,0.3828,0.0235,1.5610,-0.0273,-0.0071,0,0,-0.0472,-0.0556,0.0556,0,53,3,1,249,0.9815,0.9881,0.0119,0.0185,0.9464,0.9815,0.9636,0.9559,0.9696,0.9298,7,5,0,10,6,10
114,WLNM_dir_neg_kfold,0.9400,0.7196,00:00:01,10,90,14,18359,fixed,0.5000,0.6667,0.8000,0.7273,4,2,1,8,0.8000,0.8000,0.2000,0.2000,0.6667,0.8000,0.7273,0.8000,0.5333,0.5714,0.5774,0.6000,61,56,5,0,61,0,56,0,5,18,54,0.1765,2.0927,6,4.1538,3.8571,2.9902,0.4984,0.2767,2.7440,0.9147,0.4959,3.5480,1.1827,0.5802,0.8194,0.3916,2.5000,0.3915,0.4030,45,0.0551,0.3414,0.2778,0.5000,0.2222,18,55,0.1797,2.1269,6.1111,4.2308,3.9286,3.1415,0.5141,0.2818,2.7754,0.9083,0.4939,3.5392,1.1583,0.5747,0.8382,0.3941,2.5000,0.3915,0.4030,45,0.0551,0.3331,0.2778,0.5000,0.2222,1,0.0033,0.0342,0.1111,0.0769,0.0714,0.1514,0.0157,0.0051,0.0314,-0.0064,-0.0019,-0.0088,-0.0244,-0.0055,0.0188,0.0025,0,0,0,0,0,-0.0083,0,0,0,53,2,1,250,0.9815,0.9921,0.0079,0.0185,0.9636,0.9815,0.9725,0.9666,0.9735,0.9464,6,5,0,10,6,10
115,WLNM_dir_neg_kfold,0.7800,0.6169,00:00:01,10,90,15,18360,fixed,0.5000,0.5714,0.8000,0.6667,4,3,1,7,0.8000,0.7000,0.3000,0.2000,0.5714,0.8000,0.6667,0.7333,0.5111,0.4545,0.4725,0.5000,61,56,5,0,61,0,56,0,5,18,54,0.1765,2.0927,6,4.1538,3.8571,2.9902,0.4984,0.2767,2.7440,0.9147,0.4959,3.5480,1.1827,0.5802,0.8194,0.3916,2.5000,0.3915,0.4030,45,0.0551,0.3414,0.2778,0.5000,0.2222,18,56,0.1830,2.7961,6.2222,4,4,3.2459,0.5217,0.2897,2.6765,0.8603,0.4683,3.5792,1.1504,0.5754,1.1055,0.3954,3.5188,0.3755,0.3902,45,0.0551,0.3081,0.2222,0.5556,0.2222,2,0.0065,0.7034,0.2222,-0.1538,0.1429,0.2557,0.0233,0.0129,-0.0675,-0.0544,-0.0276,0.0312,-0.0322,-0.0049,0.2860,0.0038,1.0188,-0.0160,-0.0128,0,0,-0.0333,-0.0556,0.0556,0,53,3,1,249,0.9815,0.9881,0.0119,0.0185,0.9464,0.9815,0.9636,0.9559,0.9696,0.9298,7,5,0,10,6,10
116,WLNM_dir_neg_kfold,0.8000,0.4599,00:00:01,10,90,16,18361,fixed,0.5000,0.5000,0.8000,0.6154,4,4,1,6,0.8000,0.6000,0.4000,0.2000,0.5000,0.8000,0.6154,0.6667,0.4889,0.3478,0.3780,0.4000,61,56,5,0,61,0,56,0,5,18,54,0.1765,2.0927,6,4.1538,3.8571,2.9902,0.4984,0.2767,2.7440,0.9147,0.4959,3.5480,1.1827,0.5802,0.8194,0.3916,2.5000,0.3915,0.4030,45,0.0551,0.3414,0.2778,0.5000,0.2222,18,57,0.1863,2.0550,6.3333,4.3846,4.3846,2.9902,0.4721,0.2622,2.7062,0.8546,0.4649,3.7140,1.1729,0.5897,0.7675,0.3735,2.3333,0.4014,0.4184,53,0.0650,0.3648,0.2778,0.4444,0.2778,3,0.0098,-0.0376,0.3333,0.2308,0.5275,0,-0.0262,-0.0146,-0.0378,-0.0601,-0.0310,0.1661,-0.0098,0.0094,-0.0519,-0.0181,-0.1667,0.0099,0.0154,8,0.0098,0.0235,0,-0.0556,0.0556,53,4,1,248,0.9815,0.9841,0.0159,0.0185,0.9298,0.9815,0.9550,0.9455,0.9656,0.9138,8,5,0,10,6,10
117,WLNM_dir_neg_kfold,0.7800,0.4851,00:00:01,10,90,17,18362,fixed,0.5000,0.8000,0.8000,0.8000,4,1,1,9,0.8000,0.9000,0.1000,0.2000,0.8000,0.8000,0.8000,0.8667,0.5556,0.7000,0.7000,0.7000,61,56,5,0,61,0,56,0,5,18,54,0.1765,2.0927,6,4.1538,3.8571,2.9902,0.4984,0.2767,2.7440,0.9147,0.4959,3.5480,1.1827,0.5802,0.8194,0.3916,2.5000,0.3915,0.4030,45,0.0551,0.3414,0.2778,0.5000,0.2222,18,54,0.1765,2.0868,6,4.1538,3.8571,3.0870,0.5145,0.2850,2.7865,0.9288,0.5021,3.5480,1.1827,0.5802,0.8246,0.3951,2.5000,0.3915,0.4030,45,0.0551,0.3465,0.2778,0.5000,0.2222,0,0,-0.0059,0,0,0,0.0968,0.0161,0.0082,0.0425,0.0142,0.0062,0,0,0,0.0052,0.0036,0,0,0,0,0,0.0052,0,0,0,53,1,1,251,0.9815,0.9960,0.0040,0.0185,0.9815,0.9815,0.9815,0.9775,0.9775,0.9636,5,5,0,10,6,10
118,WLNM_dir_neg_kfold,0.9600,0.7381,00:00:01,10,90,18,18363,fixed,0.5000,0.8000,0.8000,0.8000,4,1,1,9,0.8000,0.9000,0.1000,0.2000,0.8000,0.8000,0.8000,0.8667,0.5556,0.7000,0.7000,0.7000,61,56,5,0,61,0,56,0,5,18,54,0.1765,2.0927,6,4.1538,3.8571,2.9902,0.4984,0.2767,2.7440,0.9147,0.4959,3.5480,1.1827,0.5802,0.8194,0.3916,2.5000,0.3915,0.4030,45,0.0551,0.3414,0.2778,0.5000,0.2222,18,54,0.1765,2.8925,6,3.8571,3.8571,3.1436,0.5239,0.2912,2.6568,0.8856,0.4794,3.5480,1.1827,0.5802,1.1905,0.4116,4.0357,0.3915,0.4030,45,0.0551,0.3035,0.2222,0.5556,0.2222,0,0,0.7998,0,-0.2967,0,0.1534,0.0256,0.0144,-0.0871,-0.0290,-0.0165,0,0,0,0.3711,0.0200,1.5357,0,0,0,0,-0.0379,-0.0556,0.0556,0,53,1,1,251,0.9815,0.9960,0.0040,0.0185,0.9815,0.9815,0.9815,0.9775,0.9775,0.9636,5,5,0,10,6,10
119,WLNM_dir_neg_kfold,0.8400,0.6718,00:00:01,10,90,19,18364,fixed,0.5000,1,0.8000,0.8889,4,0,1,10,0.8000,1,0,0.2000,1,0.8000,0.8889,0.9333,0.5778,0.8421,0.8528,0.8000,61,56,5,0,61,0,56,0,5,18,54,0.1765,2.0927,6,4.1538,3.8571,2.9902,0.4984,0.2767,2.7440,0.9147,0.4959,3.5480,1.1827,0.5802,0.8194,0.3916,2.5000,0.3915,0.4030,45,0.0551,0.3414,0.2778,0.5000,0.2222,18,53,0.1732,2.0766,5.8889,4.0769,4.0769,2.9880,0.5074,0.2820,2.7110,0.9207,0.4979,3.5887,1.2188,0.6006,0.8126,0.3913,2.5000,0.3915,0.4030,45,0.0551,0.3541,0.2778,0.4444,0.2778,-1,-0.0033,-0.0160,-0.1111,-0.0769,0.2198,-0.0022,0.0090,0.0052,-0.0329,0.0061,0.0020,0.0408,0.0362,0.0204,-0.0068,-0.0003,0,0,0,0,0,0.0127,0,-0.0556,0.0556,53,0,1,252,0.9815,1,0,0.0185,1,0.9815,0.9907,0.9887,0.9815,0.9815,4,5,0,10,6,10
120,WLNM_dir_neg_kfold,0.7800,0.5401,00:00:01,10,90,20,18365,fixed,0.5000,0.5000,0.8000,0.6154,4,4,1,6,0.8000,0.6000,0.4000,0.2000,0.5000,0.8000,0.6154,0.6667,0.4889,0.3478,0.3780,0.4000,61,56,5,0,61,0,56,0,5,18,54,0.1765,2.0927,6,4.1538,3.8571,2.9902,0.4984,0.2767,2.7440,0.9147,0.4959,3.5480,1.1827,0.5802,0.8194,0.3916,2.5000,0.3915,0.4030,45,0.0551,0.3414,0.2778,0.5000,0.2222,18,57,0.1863,2.9664,6.3333,4.0714,4.0714,3.1808,0.5022,0.2788,2.6844,0.8477,0.4610,3.7140,1.1729,0.5838,1.2433,0.4191,4.0393,0.3788,0.4054,50,0.0613,0.3154,0.2222,0.5556,0.2222,3,0.0098,0.8737,0.3333,-0.0824,0.2143,0.1906,0.0039,0.0020,-0.0596,-0.0670,-0.0349,0.1661,-0.0098,0.0036,0.4239,0.0276,1.5393,-0.0127,0.0024,5,0.0061,-0.0260,-0.0556,0.0556,0,53,4,1,248,0.9815,0.9841,0.0159,0.0185,0.9298,0.9815,0.9550,0.9455,0.9656,0.9138,8,5,0,10,6,10
121,WLNM_dir_neg_kfold,0.9000,0.6064,00:00:00,10,90,1,19346,fixed,0.5000,0.6667,0.8000,0.7273,4,2,1,8,0.8000,0.8000,0.2000,0.2000,0.6667,0.8000,0.7273,0.8000,0.5333,0.5714,0.5774,0.6000,61,56,5,0,61,0,56,0,5,18,54,0.1765,2.0927,6,4.1538,3.8571,2.9902,0.4984,0.2767,2.7440,0.9147,0.4959,3.5480,1.1827,0.5802,0.8194,0.3916,2.5000,0.3915,0.4030,45,0.0551,0.3414,0.2778,0.5000,0.2222,18,55,0.1797,2.0946,6.1111,4.2308,3.6667,3.0657,0.5017,0.2778,2.7541,0.9013,0.4879,3.4551,1.1308,0.5485,0.8249,0.3938,2.5000,0.3838,0.3952,44,0.0539,0.3328,0.2778,0.5556,0.1667,1,0.0033,0.0019,0.1111,0.0769,-0.1905,0.0755,0.0033,0.0010,0.0101,-0.0133,-0.0080,-0.0929,-0.0519,-0.0318,0.0055,0.0022,0,-0.0077,-0.0078,-1,-0.0012,-0.0085,0,0.0556,-0.0556,53,2,1,250,0.9815,0.9921,0.0079,0.0185,0.9636,0.9815,0.9725,0.9666,0.9735,0.9464,6,5,0,10,7,10
122,WLNM_dir_neg_kfold,0.8800,0.6268,00:00:01,10,90,2,19347,fixed,0.5000,1,0.6000,0.7500,3,0,2,10,0.6000,1,0,0.4000,1,0.6000,0.7500,0.8667,0.6000,0.6667,0.7071,0.6000,61,56,5,0,61,0,56,0,5,18,54,0.1765,2.0927,6,4.1538,3.8571,2.9902,0.4984,0.2767,2.7440,0.9147,0.4959,3.5480,1.1827,0.5802,0.8194,0.3916,2.5000,0.3915,0.4030,45,0.0551,0.3414,0.2778,0.5000,0.2222,18,52,0.1699,2.0708,5.7778,4,3.7143,2.9616,0.5126,0.2842,2.6544,0.9188,0.4936,3.4960,1.2102,0.5812,0.8001,0.3864,2.5000,0.3873,0.3846,40,0.0490,0.3412,0.2778,0.5000,0.2222,-2,-0.0065,-0.0219,-0.2222,-0.1538,-0.1429,-0.0286,0.0142,0.0074,-0.0896,0.0042,-0.0023,-0.0520,0.0275,0.0009,-0.0193,-0.0052,0,-0.0042,-0.0184,-5,-0.0061,-0.0002,0,0,0,52,0,2,252,0.9630,1,0,0.0370,1,0.9630,0.9811,0.9774,0.9630,0.9630,3,5,0,10,7,10
123,WLNM_dir_neg_kfold,1,0.8000,00:00:01,10,90,3,19348,fixed,0.5000,0.8333,1,0.9091,5,1,0,9,1,0.9000,0.1000,0,0.8333,1,0.9091,0.9333,0.5333,0.8571,0.8660,0.9000,61,56,5,0,61,0,56,0,5,18,54,0.1765,2.0927,6,4.1538,3.8571,2.9902,0.4984,0.2767,2.7440,0.9147,0.4959,3.5480,1.1827,0.5802,0.8194,0.3916,2.5000,0.3915,0.4030,45,0.0551,0.3414,0.2778,0.5000,0.2222,18,55,0.1797,2.1274,6.1111,4.2308,3.6667,2.8674,0.4692,0.2606,2.7541,0.9013,0.4899,3.5058,1.1474,0.5586,0.8285,0.3894,2.5000,0.3522,0.3971,45,0.0551,0.3272,0.2778,0.5556,0.1667,1,0.0033,0.0347,0.1111,0.0769,-0.1905,-0.1227,-0.0291,-0.0161,0.0101,-0.0133,-0.0060,-0.0422,-0.0353,-0.0217,0.0090,-0.0021,0,-0.0392,-0.0059,0,0,-0.0142,0,0.0556,-0.0556,54,1,0,251,1,0.9960,0.0040,0,0.9818,1,0.9908,0.9889,0.9960,0.9818,6,5,0,10,7,10
124,WLNM_dir_neg_kfold,0.9800,0.7633,00:00:01,10,90,4,19349,fixed,0.5000,0.8333,1,0.9091,5,1,0,9,1,0.9000,0.1000,0,0.8333,1,0.9091,0.9333,0.5333,0.8571,0.8660,0.9000,61,56,5,0,61,0,56,0,5,18,54,0.1765,2.0927,6,4.1538,3.8571,2.9902,0.4984,0.2767,2.7440,0.9147,0.4959,3.5480,1.1827,0.5802,0.8194,0.3916,2.5000,0.3915,0.4030,45,0.0551,0.3414,0.2778,0.5000,0.2222,18,55,0.1797,2.1028,6.1111,4.2308,3.6667,3.0849,0.5048,0.2798,2.8174,0.9221,0.5000,3.5058,1.1474,0.5586,0.8311,0.3953,2.5000,0.3915,0.4030,45,0.0551,0.3340,0.2778,0.5556,0.1667,1,0.0033,0.0101,0.1111,0.0769,-0.1905,0.0947,0.0064,0.0030,0.0735,0.0074,0.0041,-0.0422,-0.0353,-0.0217,0.0117,0.0037,0,0,0,0,0,-0.0074,0,0.0556,-0.0556,54,1,0,251,1,0.9960,0.0040,0,0.9818,1,0.9908,0.9889,0.9960,0.9818,6,5,0,10,7,10
125,WLNM_dir_neg_kfold,1,0.6000,00:00:01,10,90,5,19350,fixed,0.5000,1,1,1,5,0,0,10,1,1,0,0,1,1,1,1,0.5556,1,1,1,61,56,5,0,61,0,56,0,5,18,54,0.1765,2.0927,6,4.1538,3.8571,2.9902,0.4984,0.2767,2.7440,0.9147,0.4959,3.5480,1.1827,0.5802,0.8194,0.3916,2.5000,0.3915,0.4030,45,0.0551,0.3414,0.2778,0.5000,0.2222,18,54,0.1765,2.0927,6,4.1538,3.8571,2.9902,0.4984,0.2767,2.7440,0.9147,0.4959,3.5480,1.1827,0.5802,0.8194,0.3916,2.5000,0.3915,0.4030,45,0.0551,0.3414,0.2778,0.5000,0.2222,0,0,0,0,0,0,0,0,0,0,0,0,0,0,0,0,0,0,0,0,0,0,0,0,0,0,54,0,0,252,1,1,0,0,1,1,1,1,1,1,5,5,0,10,7,10
126,WLNM_dir_neg_kfold,1,0.8000,00:00:01,10,90,6,19351,fixed,0.5000,0.8333,1,0.9091,5,1,0,9,1,0.9000,0.1000,0,0.8333,1,0.9091,0.9333,0.5333,0.8571,0.8660,0.9000,61,56,5,0,61,0,56,0,5,18,54,0.1765,2.0927,6,4.1538,3.8571,2.9902,0.4984,0.2767,2.7440,0.9147,0.4959,3.5480,1.1827,0.5802,0.8194,0.3916,2.5000,0.3915,0.4030,45,0.0551,0.3414,0.2778,0.5000,0.2222,18,55,0.1797,2.0927,6.1111,4.2308,3.9286,2.8674,0.4692,0.2596,2.7541,0.9013,0.4899,3.5226,1.1528,0.5687,0.8194,0.3916,2.5000,0.3586,0.3971,45,0.0551,0.3323,0.2778,0.5000,0.2222,1,0.0033,0,0.1111,0.0769,0.0714,-0.1227,-0.0291,-0.0172,0.0101,-0.0133,-0.0060,-0.0254,-0.0298,-0.0116,0,0,0,-0.0329,-0.0059,0,0,-0.0091,0,0,0,54,1,0,251,1,0.9960,0.0040,0,0.9818,1,0.9908,0.9889,0.9960,0.9818,6,5,0,10,7,10
127,WLNM_dir_neg_kfold,0.9200,0.6746,00:00:01,10,90,7,19352,fixed,0.5000,1,0.6000,0.7500,3,0,2,10,0.6000,1,0,0.4000,1,0.6000,0.7500,0.8667,0.6000,0.6667,0.7071,0.6000,61,56,5,0,61,0,56,0,5,18,54,0.1765,2.0927,6,4.1538,3.8571,2.9902,0.4984,0.2767,2.7440,0.9147,0.4959,3.5480,1.1827,0.5802,0.8194,0.3916,2.5000,0.3915,0.4030,45,0.0551,0.3414,0.2778,0.5000,0.2222,18,52,0.1699,2.0708,5.7778,4,3.7143,2.9616,0.5126,0.2842,2.6544,0.9188,0.4936,3.4960,1.2102,0.5812,0.8001,0.3864,2.5000,0.3873,0.3846,40,0.0490,0.3412,0.2778,0.5000,0.2222,-2,-0.0065,-0.0219,-0.2222,-0.1538,-0.1429,-0.0286,0.0142,0.0074,-0.0896,0.0042,-0.0023,-0.0520,0.0275,0.0009,-0.0193,-0.0052,0,-0.0042,-0.0184,-5,-0.0061,-0.0002,0,0,0,52,0,2,252,0.9630,1,0,0.0370,1,0.9630,0.9811,0.9774,0.9630,0.9630,3,5,0,10,7,10
128,WLNM_dir_neg_kfold,0.9400,0.6931,00:00:01,10,90,8,19353,fixed,0.5000,0.8000,0.8000,0.8000,4,1,1,9,0.8000,0.9000,0.1000,0.2000,0.8000,0.8000,0.8000,0.8667,0.5556,0.7000,0.7000,0.7000,61,56,5,0,61,0,56,0,5,18,54,0.1765,2.0927,6,4.1538,3.8571,2.9902,0.4984,0.2767,2.7440,0.9147,0.4959,3.5480,1.1827,0.5802,0.8194,0.3916,2.5000,0.3915,0.4030,45,0.0551,0.3414,0.2778,0.5000,0.2222,18,54,0.1765,1,6,3.8571,3.8571,2.9104,0.4851,0.2685,2.6346,0.8782,0.4733,3.5480,1.1827,0.5802,0,0,0,0.4068,0.3897,43,0.0527,0.3026,0.2222,0.5556,0.2222,0,0,-1.0927,0,-0.2967,0,-0.0798,-0.0133,-0.0082,-0.1094,-0.0365,-0.0226,0,0,0,-0.8194,-0.3916,-2.5000,0.0154,-0.0133,-2,-0.0025,-0.0388,-0.0556,0.0556,0,53,1,1,251,0.9815,0.9960,0.0040,0.0185,0.9815,0.9815,0.9815,0.9775,0.9775,0.9636,5,5,0,10,7,10
129,WLNM_dir_neg_kfold,0.9400,0.7196,00:00:01,10,90,9,19354,fixed,0.5000,0.5556,1,0.7143,5,4,0,6,1,0.6000,0.4000,0,0.5556,1,0.7143,0.7333,0.4667,0.5000,0.5774,0.6000,61,56,5,0,61,0,56,0,5,18,54,0.1765,2.0927,6,4.1538,3.8571,2.9902,0.4984,0.2767,2.7440,0.9147,0.4959,3.5480,1.1827,0.5802,0.8194,0.3916,2.5000,0.3915,0.4030,45,0.0551,0.3414,0.2778,0.5000,0.2222,18,58,0.1895,1,6.4444,4.1429,4.1429,3.0529,0.4737,0.2596,2.8400,0.8814,0.4713,3.7347,1.1590,0.5805,0,0,0,0.3842,0.4141,53,0.0650,0.3169,0.2222,0.5556,0.2222,4,0.0131,-1.0927,0.4444,-0.0110,0.2857,0.0627,-0.0246,-0.0172,0.0960,-0.0333,-0.0246,0.1867,-0.0236,0.0002,-0.8194,-0.3916,-2.5000,-0.0072,0.0111,8,0.0098,-0.0245,-0.0556,0.0556,0,54,4,0,248,1,0.9841,0.0159,0,0.9310,1,0.9643,0.9572,0.9841,0.9310,9,5,0,10,7,10
130,WLNM_dir_neg_kfold,0.8600,0.3739,00:00:01,10,90,10,19355,fixed,0.5000,0.6667,0.8000,0.7273,4,2,1,8,0.8000,0.8000,0.2000,0.2000,0.6667,0.8000,0.7273,0.8000,0.5333,0.5714,0.5774,0.6000,61,56,5,0,61,0,56,0,5,18,54,0.1765,2.0927,6,4.1538,3.8571,2.9902,0.4984,0.2767,2.7440,0.9147,0.4959,3.5480,1.1827,0.5802,0.8194,0.3916,2.5000,0.3915,0.4030,45,0.0551,0.3414,0.2778,0.5000,0.2222,18,55,0.1797,2.0779,6.1111,4.2308,3.9286,2.9880,0.4889,0.2707,2.8794,0.9423,0.5081,3.5392,1.1583,0.5747,0.8069,0.3883,2.5000,0.4094,0.3988,46,0.0564,0.3396,0.2778,0.5000,0.2222,1,0.0033,-0.0148,0.1111,0.0769,0.0714,-0.0022,-0.0094,-0.0060,0.1354,0.0277,0.0122,-0.0088,-0.0244,-0.0055,-0.0126,-0.0033,0,0.0180,-0.0041,1,0.0012,-0.0018,0,0,0,53,2,1,250,0.9815,0.9921,0.0079,0.0185,0.9636,0.9815,0.9725,0.9666,0.9735,0.9464,6,5,0,10,7,10
131,WLNM_dir_neg_kfold,0.9600,0.7381,00:00:01,10,90,11,19356,fixed,0.5000,1,0.6000,0.7500,3,0,2,10,0.6000,1,0,0.4000,1,0.6000,0.7500,0.8667,0.6000,0.6667,0.7071,0.6000,61,56,5,0,61,0,56,0,5,18,54,0.1765,2.0927,6,4.1538,3.8571,2.9902,0.4984,0.2767,2.7440,0.9147,0.4959,3.5480,1.1827,0.5802,0.8194,0.3916,2.5000,0.3915,0.4030,45,0.0551,0.3414,0.2778,0.5000,0.2222,18,52,0.1699,2.0708,5.7778,4,3.7143,2.9616,0.5126,0.2842,2.6544,0.9188,0.4936,3.4960,1.2102,0.5812,0.8001,0.3864,2.5000,0.3873,0.3846,40,0.0490,0.3412,0.2778,0.5000,0.2222,-2,-0.0065,-0.0219,-0.2222,-0.1538,-0.1429,-0.0286,0.0142,0.0074,-0.0896,0.0042,-0.0023,-0.0520,0.0275,0.0009,-0.0193,-0.0052,0,-0.0042,-0.0184,-5,-0.0061,-0.0002,0,0,0,52,0,2,252,0.9630,1,0,0.0370,1,0.9630,0.9811,0.9774,0.9630,0.9630,3,5,0,10,7,10
132,WLNM_dir_neg_kfold,1,0.8000,00:00:01,10,90,12,19357,fixed,0.5000,1,0.8000,0.8889,4,0,1,10,0.8000,1,0,0.2000,1,0.8000,0.8889,0.9333,0.5778,0.8421,0.8528,0.8000,61,56,5,0,61,0,56,0,5,18,54,0.1765,2.0927,6,4.1538,3.8571,2.9902,0.4984,0.2767,2.7440,0.9147,0.4959,3.5480,1.1827,0.5802,0.8194,0.3916,2.5000,0.3915,0.4030,45,0.0551,0.3414,0.2778,0.5000,0.2222,18,53,0.1732,2.0844,5.8889,4.0769,3.7857,2.9682,0.5040,0.2799,2.7110,0.9207,0.4979,3.5226,1.1963,0.5818,0.8132,0.3901,2.5000,0.3902,0.3994,43,0.0527,0.3421,0.2778,0.5000,0.2222,-1,-0.0033,-0.0082,-0.1111,-0.0769,-0.0714,-0.0219,0.0057,0.0031,-0.0329,0.0061,0.0020,-0.0254,0.0137,0.0015,-0.0062,-0.0014,0,-0.0012,-0.0036,-2,-0.0025,0.0007,0,0,0,53,0,1,252,0.9815,1,0,0.0185,1,0.9815,0.9907,0.9887,0.9815,0.9815,4,5,0,10,7,10
133,WLNM_dir_neg_kfold,0.9000,0.6944,00:00:01,10,90,13,19358,fixed,0.5000,0.6667,0.8000,0.7273,4,2,1,8,0.8000,0.8000,0.2000,0.2000,0.6667,0.8000,0.7273,0.8000,0.5333,0.5714,0.5774,0.6000,61,56,5,0,61,0,56,0,5,18,54,0.1765,2.0927,6,4.1538,3.8571,2.9902,0.4984,0.2767,2.7440,0.9147,0.4959,3.5480,1.1827,0.5802,0.8194,0.3916,2.5000,0.3915,0.4030,45,0.0551,0.3414,0.2778,0.5000,0.2222,18,55,0.1797,2.2084,6.1111,4.2308,3.6667,2.8879,0.4726,0.2606,2.8174,0.9221,0.4919,3.4551,1.1308,0.5485,0.9883,0.4475,3,0.4244,0.3964,44,0.0539,0.3367,0.2778,0.5556,0.1667,1,0.0033,0.1157,0.1111,0.0769,-0.1905,-0.1023,-0.0258,-0.0161,0.0735,0.0074,-0.0040,-0.0929,-0.0519,-0.0318,0.1688,0.0559,0.5000,0.0330,-0.0066,-1,-0.0012,-0.0047,0,0.0556,-0.0556,53,2,1,250,0.9815,0.9921,0.0079,0.0185,0.9636,0.9815,0.9725,0.9666,0.9735,0.9464,6,5,0,10,7,10
134,WLNM_dir_neg_kfold,0.8800,0.4268,00:00:01,10,90,14,19359,fixed,0.5000,0.5000,0.6000,0.5455,3,3,2,7,0.6000,0.7000,0.3000,0.4000,0.5000,0.6000,0.5455,0.6667,0.5333,0.2857,0.2887,0.3000,61,56,5,0,61,0,56,0,5,18,54,0.1765,2.0927,6,4.1538,3.8571,2.9902,0.4984,0.2767,2.7440,0.9147,0.4959,3.5480,1.1827,0.5802,0.8194,0.3916,2.5000,0.3915,0.4030,45,0.0551,0.3414,0.2778,0.5000,0.2222,18,55,0.1797,2.0382,6.1111,4.2308,3.6667,2.9082,0.4759,0.2616,2.6451,0.8657,0.4657,3.4381,1.1252,0.5465,0.7457,0.3659,2.3194,0.3881,0.3853,42,0.0515,0.3380,0.2778,0.5556,0.1667,1,0.0033,-0.0545,0.1111,0.0769,-0.1905,-0.0820,-0.0225,-0.0151,-0.0988,-0.0490,-0.0302,-0.1099,-0.0575,-0.0338,-0.0737,-0.0257,-0.1806,-0.0034,-0.0177,-3,-0.0037,-0.0034,0,0.0556,-0.0556,52,3,2,249,0.9630,0.9881,0.0119,0.0370,0.9455,0.9630,0.9541,0.9442,0.9511,0.9123,6,5,0,10,7,10
135,WLNM_dir_neg_kfold,1,0.8000,00:00:01,10,90,15,19360,fixed,0.5000,1,1,1,5,0,0,10,1,1,0,0,1,1,1,1,0.5556,1,1,1,61,56,5,0,61,0,56,0,5,18,54,0.1765,2.0927,6,4.1538,3.8571,2.9902,0.4984,0.2767,2.7440,0.9147,0.4959,3.5480,1.1827,0.5802,0.8194,0.3916,2.5000,0.3915,0.4030,45,0.0551,0.3414,0.2778,0.5000,0.2222,18,54,0.1765,2.0927,6,4.1538,3.8571,2.9902,0.4984,0.2767,2.7440,0.9147,0.4959,3.5480,1.1827,0.5802,0.8194,0.3916,2.5000,0.3915,0.4030,45,0.0551,0.3414,0.2778,0.5000,0.2222,0,0,0,0,0,0,0,0,0,0,0,0,0,0,0,0,0,0,0,0,0,0,0,0,0,0,54,0,0,252,1,1,0,0,1,1,1,1,1,1,5,5,0,10,7,10
136,WLNM_dir_neg_kfold,1,0.8000,00:00:01,10,90,16,19361,fixed,0.5000,1,1,1,5,0,0,10,1,1,0,0,1,1,1,1,0.5556,1,1,1,61,56,5,0,61,0,56,0,5,18,54,0.1765,2.0927,6,4.1538,3.8571,2.9902,0.4984,0.2767,2.7440,0.9147,0.4959,3.5480,1.1827,0.5802,0.8194,0.3916,2.5000,0.3915,0.4030,45,0.0551,0.3414,0.2778,0.5000,0.2222,18,54,0.1765,2.0927,6,4.1538,3.8571,2.9902,0.4984,0.2767,2.7440,0.9147,0.4959,3.5480,1.1827,0.5802,0.8194,0.3916,2.5000,0.3915,0.4030,45,0.0551,0.3414,0.2778,0.5000,0.2222,0,0,0,0,0,0,0,0,0,0,0,0,0,0,0,0,0,0,0,0,0,0,0,0,0,0,54,0,0,252,1,1,0,0,1,1,1,1,1,1,5,5,0,10,7,10
137,WLNM_dir_neg_kfold,1,0.8000,00:00:01,10,90,17,19362,fixed,0.5000,0.8333,1,0.9091,5,1,0,9,1,0.9000,0.1000,0,0.8333,1,0.9091,0.9333,0.5333,0.8571,0.8660,0.9000,61,56,5,0,61,0,56,0,5,18,54,0.1765,2.0927,6,4.1538,3.8571,2.9902,0.4984,0.2767,2.7440,0.9147,0.4959,3.5480,1.1827,0.5802,0.8194,0.3916,2.5000,0.3915,0.4030,45,0.0551,0.3414,0.2778,0.5000,0.2222,18,55,0.1797,2.0849,6.1111,4.2308,3.9286,2.9682,0.4857,0.2687,2.8382,0.9289,0.5020,3.5226,1.1528,0.5687,0.8118,0.3894,2.5000,0.3632,0.3913,45,0.0551,0.3363,0.2778,0.5000,0.2222,1,0.0033,-0.0078,0.1111,0.0769,0.0714,-0.0219,-0.0127,-0.0081,0.0943,0.0142,0.0061,-0.0254,-0.0298,-0.0116,-0.0077,-0.0022,0,-0.0282,-0.0117,0,0,-0.0051,0,0,0,54,1,0,251,1,0.9960,0.0040,0,0.9818,1,0.9908,0.9889,0.9960,0.9818,6,5,0,10,7,10
138,WLNM_dir_neg_kfold,0.9600,0.5183,00:00:01,10,90,18,19363,fixed,0.5000,0.7500,0.6000,0.6667,3,1,2,9,0.6000,0.9000,0.1000,0.4000,0.7500,0.6000,0.6667,0.8000,0.5778,0.5263,0.5330,0.5000,61,56,5,0,61,0,56,0,5,18,54,0.1765,2.0927,6,4.1538,3.8571,2.9902,0.4984,0.2767,2.7440,0.9147,0.4959,3.5480,1.1827,0.5802,0.8194,0.3916,2.5000,0.3915,0.4030,45,0.0551,0.3414,0.2778,0.5000,0.2222,18,53,0.1732,2.1054,5.8889,4.0769,3.7857,2.9880,0.5074,0.2820,2.6228,0.8908,0.4790,3.5058,1.1907,0.5776,0.8462,0.4019,2.6429,0.3873,0.3846,40,0.0490,0.3439,0.2778,0.5000,0.2222,-1,-0.0033,0.0127,-0.1111,-0.0769,-0.0714,-0.0022,0.0090,0.0052,-0.1212,-0.0239,-0.0168,-0.0422,0.0080,-0.0027,0.0268,0.0104,0.1429,-0.0042,-0.0184,-5,-0.0061,0.0025,0,0,0,52,1,2,251,0.9630,0.9960,0.0040,0.0370,0.9811,0.9630,0.9720,0.9661,0.9590,0.9455,4,5,0,10,7,10
139,WLNM_dir_neg_kfold,1,0.8000,00:00:01,10,90,19,19364,fixed,0.5000,1,1,1,5,0,0,10,1,1,0,0,1,1,1,1,0.5556,1,1,1,61,56,5,0,61,0,56,0,5,18,54,0.1765,2.0927,6,4.1538,3.8571,2.9902,0.4984,0.2767,2.7440,0.9147,0.4959,3.5480,1.1827,0.5802,0.8194,0.3916,2.5000,0.3915,0.4030,45,0.0551,0.3414,0.2778,0.5000,0.2222,18,54,0.1765,2.0927,6,4.1538,3.8571,2.9902,0.4984,0.2767,2.7440,0.9147,0.4959,3.5480,1.1827,0.5802,0.8194,0.3916,2.5000,0.3915,0.4030,45,0.0551,0.3414,0.2778,0.5000,0.2222,0,0,0,0,0,0,0,0,0,0,0,0,0,0,0,0,0,0,0,0,0,0,0,0,0,0,54,0,0,252,1,1,0,0,1,1,1,1,1,1,5,5,0,10,7,10
140,WLNM_dir_neg_kfold,0.9000,0.6463,00:00:01,10,90,20,19365,fixed,0.5000,0.5714,0.8000,0.6667,4,3,1,7,0.8000,0.7000,0.3000,0.2000,0.5714,0.8000,0.6667,0.7333,0.5111,0.4545,0.4725,0.5000,61,56,5,0,61,0,56,0,5,18,54,0.1765,2.0927,6,4.1538,3.8571,2.9902,0.4984,0.2767,2.7440,0.9147,0.4959,3.5480,1.1827,0.5802,0.8194,0.3916,2.5000,0.3915,0.4030,45,0.0551,0.3414,0.2778,0.5000,0.2222,18,56,0.1830,2.7500,6.2222,4,4,3.0785,0.4948,0.2718,2.8052,0.9017,0.4782,3.5295,1.1345,0.5655,1.0565,0.3842,3.2500,0.4157,0.3837,44,0.0539,0.2938,0.2222,0.5556,0.2222,2,0.0065,0.6573,0.2222,-0.1538,0.1429,0.0883,-0.0036,-0.0049,0.0612,-0.0130,-0.0177,-0.0185,-0.0482,-0.0148,0.2371,-0.0074,0.7500,0.0242,-0.0193,-1,-0.0012,-0.0476,-0.0556,0.0556,0,53,3,1,249,0.9815,0.9881,0.0119,0.0185,0.9464,0.9815,0.9636,0.9559,0.9696,0.9298,7,5,0,10,7,10
141,WLNM_dir_neg_kfold,0.6500,0.4721,00:00:00,10,90,1,20346,fixed,0.5000,1,0.4000,0.5714,2,0,3,10,0.4000,1,0,0.6000,1,0.4000,0.5714,0.8000,0.6222,0.4706,0.5547,0.4000,61,56,5,0,61,0,56,0,5,18,54,0.1765,2.0927,6,4.1538,3.8571,2.9902,0.4984,0.2767,2.7440,0.9147,0.4959,3.5480,1.1827,0.5802,0.8194,0.3916,2.5000,0.3915,0.4030,45,0.0551,0.3414,0.2778,0.5000,0.2222,18,51,0.1667,2.1260,5.6667,3.9231,3.9231,3.1436,0.5548,0.3083,2.6178,0.9239,0.5022,3.5851,1.2653,0.6133,0.8783,0.4131,3,0.3698,0.3942,41,0.0502,0.3424,0.2778,0.4444,0.2778,-3,-0.0098,0.0333,-0.3333,-0.2308,0.0659,0.1534,0.0564,0.0315,-0.1262,0.0093,0.0063,0.0371,0.0827,0.0330,0.0589,0.0216,0.5000,-0.0216,-0.0088,-4,-0.0049,0.0010,0,-0.0556,0.0556,51,0,3,252,0.9444,1,0,0.0556,1,0.9444,0.9714,0.9661,0.9444,0.9444,2,5,0,10,8,10
142,WLNM_dir_neg_kfold,0.6600,0.4745,00:00:01,10,90,2,20347,fixed,0.5000,0.6667,0.4000,0.5000,2,1,3,9,0.4000,0.9000,0.1000,0.6000,0.6667,0.4000,0.5000,0.7333,0.6000,0.3333,0.3536,0.3000,61,56,5,0,61,0,56,0,5,18,54,0.1765,2.0927,6,4.1538,3.8571,2.9902,0.4984,0.2767,2.7440,0.9147,0.4959,3.5480,1.1827,0.5802,0.8194,0.3916,2.5000,0.3915,0.4030,45,0.0551,0.3414,0.2778,0.5000,0.2222,18,52,0.1699,2.1223,5.7778,4,4,3.1353,0.5426,0.3013,2.5870,0.8955,0.4893,3.5792,1.2389,0.6068,0.8701,0.4100,2.9338,0.4075,0.3913,42,0.0515,0.3455,0.2778,0.4444,0.2778,-2,-0.0065,0.0297,-0.2222,-0.1538,0.1429,0.1451,0.0443,0.0245,-0.1569,-0.0191,-0.0066,0.0312,0.0563,0.0266,0.0507,0.0184,0.4338,0.0160,-0.0117,-3,-0.0037,0.0041,0,-0.0556,0.0556,51,1,3,251,0.9444,0.9960,0.0040,0.0556,0.9808,0.9444,0.9623,0.9546,0.9405,0.9273,3,5,0,10,8,10
143,WLNM_dir_neg_kfold,0.5200,0.3808,00:00:01,10,90,3,20348,fixed,0.5000,0.5000,0.4000,0.4444,2,2,3,8,0.4000,0.8000,0.2000,0.6000,0.5000,0.4000,0.4444,0.6667,0.5778,0.2105,0.2132,0.2000,61,56,5,0,61,0,56,0,5,18,54,0.1765,2.0927,6,4.1538,3.8571,2.9902,0.4984,0.2767,2.7440,0.9147,0.4959,3.5480,1.1827,0.5802,0.8194,0.3916,2.5000,0.3915,0.4030,45,0.0551,0.3414,0.2778,0.5000,0.2222,18,53,0.1732,2.5509,5.8889,3.7857,3.7857,3.1602,0.5366,0.2977,2.5776,0.8754,0.4769,3.5723,1.2132,0.5901,0.9511,0.3728,3,0.4417,0.4222,47,0.0576,0.2976,0.2222,0.5556,0.2222,-1,-0.0033,0.4582,-0.1111,-0.3681,-0.0714,0.1700,0.0383,0.0209,-0.1664,-0.0393,-0.0189,0.0243,0.0306,0.0099,0.1317,-0.0187,0.5000,0.0502,0.0192,2,0.0025,-0.0438,-0.0556,0.0556,0,51,2,3,250,0.9444,0.9921,0.0079,0.0556,0.9623,0.9444,0.9533,0.9434,0.9365,0.9107,4,5,0,10,8,10
144,WLNM_dir_neg_kfold,0.7800,0.5147,00:00:01,10,90,4,20349,fixed,0.5000,0.5000,0.4000,0.4444,2,2,3,8,0.4000,0.8000,0.2000,0.6000,0.5000,0.4000,0.4444,0.6667,0.5778,0.2105,0.2132,0.2000,61,56,5,0,61,0,56,0,5,18,54,0.1765,2.0927,6,4.1538,3.8571,2.9902,0.4984,0.2767,2.7440,0.9147,0.4959,3.5480,1.1827,0.5802,0.8194,0.3916,2.5000,0.3915,0.4030,45,0.0551,0.3414,0.2778,0.5000,0.2222,18,53,0.1732,2.1506,5.8889,4.0769,3.7857,3.1039,0.5271,0.2904,2.6892,0.9133,0.4979,3.5226,1.1963,0.5818,0.8831,0.4106,3,0.4486,0.4273,47,0.0576,0.3212,0.2778,0.5000,0.2222,-1,-0.0033,0.0579,-0.1111,-0.0769,-0.0714,0.1137,0.0287,0.0136,-0.0547,-0.0013,0.0020,-0.0254,0.0137,0.0015,0.0637,0.0191,0.5000,0.0572,0.0243,2,0.0025,-0.0201,0,0,0,51,2,3,250,0.9444,0.9921,0.0079,0.0556,0.9623,0.9444,0.9533,0.9434,0.9365,0.9107,4,5,0,10,8,10
145,WLNM_dir_neg_kfold,0.5200,0.3902,00:00:01,10,90,5,20350,fixed,0.5000,0.5000,0.4000,0.4444,2,2,3,8,0.4000,0.8000,0.2000,0.6000,0.5000,0.4000,0.4444,0.6667,0.5778,0.2105,0.2132,0.2000,61,56,5,0,61,0,56,0,5,18,54,0.1765,2.0927,6,4.1538,3.8571,2.9902,0.4984,0.2767,2.7440,0.9147,0.4959,3.5480,1.1827,0.5802,0.8194,0.3916,2.5000,0.3915,0.4030,45,0.0551,0.3414,0.2778,0.5000,0.2222,18,53,0.1732,2.4272,5.8889,4.0769,4.0769,3.2338,0.5491,0.3040,2.6451,0.8983,0.4916,3.6214,1.2299,0.6069,1.1861,0.4887,4.0526,0.3720,0.3981,43,0.0527,0.3492,0.2778,0.4444,0.2778,-1,-0.0033,0.3345,-0.1111,-0.0769,0.2198,0.2436,0.0508,0.0272,-0.0988,-0.0163,-0.0043,0.0734,0.0472,0.0267,0.3667,0.0971,1.5526,-0.0194,-0.0048,-2,-0.0025,0.0078,0,-0.0556,0.0556,51,2,3,250,0.9444,0.9921,0.0079,0.0556,0.9623,0.9444,0.9533,0.9434,0.9365,0.9107,4,5,0,10,8,10
146,WLNM_dir_neg_kfold,0.6200,0.2252,00:00:01,10,90,6,20351,fixed,0.5000,0.6667,0.4000,0.5000,2,1,3,9,0.4000,0.9000,0.1000,0.6000,0.6667,0.4000,0.5000,0.7333,0.6000,0.3333,0.3536,0.3000,61,56,5,0,61,0,56,0,5,18,54,0.1765,2.0927,6,4.1538,3.8571,2.9902,0.4984,0.2767,2.7440,0.9147,0.4959,3.5480,1.1827,0.5802,0.8194,0.3916,2.5000,0.3915,0.4030,45,0.0551,0.3414,0.2778,0.5000,0.2222,18,52,0.1699,2.1357,5.7778,4,4,3.2459,0.5618,0.3109,2.7201,0.9416,0.5085,3.5627,1.2332,0.6026,0.8878,0.4157,3,0.3698,0.3942,41,0.0502,0.3369,0.2778,0.4444,0.2778,-2,-0.0065,0.0431,-0.2222,-0.1538,0.1429,0.2557,0.0634,0.0341,-0.0239,0.0269,0.0127,0.0147,0.0506,0.0223,0.0684,0.0241,0.5000,-0.0216,-0.0088,-4,-0.0049,-0.0045,0,-0.0556,0.0556,51,1,3,251,0.9444,0.9960,0.0040,0.0556,0.9808,0.9444,0.9623,0.9546,0.9405,0.9273,3,5,0,10,8,10
147,WLNM_dir_neg_kfold,0.4400,0.3608,00:00:01,10,90,7,20352,fixed,0.5000,0.5000,0.4000,0.4444,2,2,3,8,0.4000,0.8000,0.2000,0.6000,0.5000,0.4000,0.4444,0.6667,0.5778,0.2105,0.2132,0.2000,61,56,5,0,61,0,56,0,5,18,54,0.1765,2.0927,6,4.1538,3.8571,2.9902,0.4984,0.2767,2.7440,0.9147,0.4959,3.5480,1.1827,0.5802,0.8194,0.3916,2.5000,0.3915,0.4030,45,0.0551,0.3414,0.2778,0.5000,0.2222,18,53,0.1732,2.1705,5.8889,4.0769,3.5333,2.9682,0.5040,0.2788,2.6673,0.9059,0.4937,3.5058,1.1907,0.5692,0.8917,0.4108,3,0.3884,0.4074,44,0.0539,0.3175,0.2778,0.5556,0.1667,-1,-0.0033,0.0778,-0.1111,-0.0769,-0.3238,-0.0219,0.0057,0.0021,-0.0767,-0.0088,-0.0022,-0.0422,0.0080,-0.0111,0.0723,0.0193,0.5000,-0.0031,0.0044,-1,-0.0012,-0.0239,0,0.0556,-0.0556,51,2,3,250,0.9444,0.9921,0.0079,0.0556,0.9623,0.9444,0.9533,0.9434,0.9365,0.9107,4,5,0,10,8,10
148,WLNM_dir_neg_kfold,0.7200,0.4986,00:00:01,10,90,8,20353,fixed,0.5000,1,0.4000,0.5714,2,0,3,10,0.4000,1,0,0.6000,1,0.4000,0.5714,0.8000,0.6222,0.4706,0.5547,0.4000,61,56,5,0,61,0,56,0,5,18,54,0.1765,2.0927,6,4.1538,3.8571,2.9902,0.4984,0.2767,2.7440,0.9147,0.4959,3.5480,1.1827,0.5802,0.8194,0.3916,2.5000,0.3915,0.4030,45,0.0551,0.3414,0.2778,0.5000,0.2222,18,51,0.1667,2.1260,5.6667,3.9231,3.9231,3.1436,0.5548,0.3083,2.6178,0.9239,0.5022,3.5851,1.2653,0.6133,0.8783,0.4131,3,0.3698,0.3942,41,0.0502,0.3424,0.2778,0.4444,0.2778,-3,-0.0098,0.0333,-0.3333,-0.2308,0.0659,0.1534,0.0564,0.0315,-0.1262,0.0093,0.0063,0.0371,0.0827,0.0330,0.0589,0.0216,0.5000,-0.0216,-0.0088,-4,-0.0049,0.0010,0,-0.0556,0.0556,51,0,3,252,0.9444,1,0,0.0556,1,0.9444,0.9714,0.9661,0.9444,0.9444,2,5,0,10,8,10
149,WLNM_dir_neg_kfold,0.4800,0.3695,00:00:01,10,90,9,20354,fixed,0.5000,1,0.4000,0.5714,2,0,3,10,0.4000,1,0,0.6000,1,0.4000,0.5714,0.8000,0.6222,0.4706,0.5547,0.4000,61,56,5,0,61,0,56,0,5,18,54,0.1765,2.0927,6,4.1538,3.8571,2.9902,0.4984,0.2767,2.7440,0.9147,0.4959,3.5480,1.1827,0.5802,0.8194,0.3916,2.5000,0.3915,0.4030,45,0.0551,0.3414,0.2778,0.5000,0.2222,18,51,0.1667,2.1260,5.6667,3.9231,3.9231,3.1436,0.5548,0.3083,2.6178,0.9239,0.5022,3.5851,1.2653,0.6133,0.8783,0.4131,3,0.3698,0.3942,41,0.0502,0.3424,0.2778,0.4444,0.2778,-3,-0.0098,0.0333,-0.3333,-0.2308,0.0659,0.1534,0.0564,0.0315,-0.1262,0.0093,0.0063,0.0371,0.0827,0.0330,0.0589,0.0216,0.5000,-0.0216,-0.0088,-4,-0.0049,0.0010,0,-0.0556,0.0556,51,0,3,252,0.9444,1,0,0.0556,1,0.9444,0.9714,0.9661,0.9444,0.9444,2,5,0,10,8,10
150,WLNM_dir_neg_kfold,0.7400,0.5016,00:00:01,10,90,10,20355,fixed,0.5000,1,0.4000,0.5714,2,0,3,10,0.4000,1,0,0.6000,1,0.4000,0.5714,0.8000,0.6222,0.4706,0.5547,0.4000,61,56,5,0,61,0,56,0,5,18,54,0.1765,2.0927,6,4.1538,3.8571,2.9902,0.4984,0.2767,2.7440,0.9147,0.4959,3.5480,1.1827,0.5802,0.8194,0.3916,2.5000,0.3915,0.4030,45,0.0551,0.3414,0.2778,0.5000,0.2222,18,51,0.1667,2.1260,5.6667,3.9231,3.9231,3.1436,0.5548,0.3083,2.6178,0.9239,0.5022,3.5851,1.2653,0.6133,0.8783,0.4131,3,0.3698,0.3942,41,0.0502,0.3424,0.2778,0.4444,0.2778,-3,-0.0098,0.0333,-0.3333,-0.2308,0.0659,0.1534,0.0564,0.0315,-0.1262,0.0093,0.0063,0.0371,0.0827,0.0330,0.0589,0.0216,0.5000,-0.0216,-0.0088,-4,-0.0049,0.0010,0,-0.0556,0.0556,51,0,3,252,0.9444,1,0,0.0556,1,0.9444,0.9714,0.9661,0.9444,0.9444,2,5,0,10,8,10
151,WLNM_dir_neg_kfold,0.6600,0.5283,00:00:01,10,90,11,20356,fixed,0.5000,1,0.2000,0.3333,1,0,4,10,0.2000,1,0,0.8000,1,0.2000,0.3333,0.7333,0.6444,0.2500,0.3780,0.2000,61,56,5,0,61,0,56,0,5,18,54,0.1765,2.0927,6,4.1538,3.8571,2.9902,0.4984,0.2767,2.7440,0.9147,0.4959,3.5480,1.1827,0.5802,0.8194,0.3916,2.5000,0.3915,0.4030,45,0.0551,0.3414,0.2778,0.5000,0.2222,18,50,0.1634,2.1366,5.5556,3.8462,3.8462,3.0141,0.5425,0.3011,2.5334,0.9120,0.4956,3.4735,1.2505,0.6111,0.8887,0.4159,3,0.3550,0.3763,37,0.0453,0.3277,0.2778,0.4444,0.2778,-4,-0.0131,0.0439,-0.4444,-0.3077,-0.0110,0.0239,0.0442,0.0244,-0.2105,-0.0026,-0.0003,-0.0745,0.0678,0.0309,0.0693,0.0244,0.5000,-0.0365,-0.0267,-8,-0.0098,-0.0137,0,-0.0556,0.0556,50,0,4,252,0.9259,1,0,0.0741,1,0.9259,0.9615,0.9547,0.9259,0.9259,1,5,0,10,8,10
152,WLNM_dir_neg_kfold,0.6300,0.3395,00:00:01,10,90,12,20357,fixed,0.5000,0.6667,0.4000,0.5000,2,1,3,9,0.4000,0.9000,0.1000,0.6000,0.6667,0.4000,0.5000,0.7333,0.6000,0.3333,0.3536,0.3000,61,56,5,0,61,0,56,0,5,18,54,0.1765,2.0927,6,4.1538,3.8571,2.9902,0.4984,0.2767,2.7440,0.9147,0.4959,3.5480,1.1827,0.5802,0.8194,0.3916,2.5000,0.3915,0.4030,45,0.0551,0.3414,0.2778,0.5000,0.2222,18,52,0.1699,1,5.7778,3.7143,4,3.0593,0.5295,0.2949,2.5642,0.8876,0.4829,3.6119,1.2503,0.6111,0,0,0,0.3698,0.3942,41,0.0502,0.3104,0.2222,0.5000,0.2778,-2,-0.0065,-1.0927,-0.2222,-0.4396,0.1429,0.0691,0.0311,0.0181,-0.1798,-0.0270,-0.0130,0.0639,0.0676,0.0309,-0.8194,-0.3916,-2.5000,-0.0216,-0.0088,-4,-0.0049,-0.0310,-0.0556,0,0.0556,51,1,3,251,0.9444,0.9960,0.0040,0.0556,0.9808,0.9444,0.9623,0.9546,0.9405,0.9273,3,5,0,10,8,10
153,WLNM_dir_neg_kfold,0.6200,0.4252,00:00:01,10,90,13,20358,fixed,0.5000,0.5000,0.4000,0.4444,2,2,3,8,0.4000,0.8000,0.2000,0.6000,0.5000,0.4000,0.4444,0.6667,0.5778,0.2105,0.2132,0.2000,61,56,5,0,61,0,56,0,5,18,54,0.1765,2.0927,6,4.1538,3.8571,2.9902,0.4984,0.2767,2.7440,0.9147,0.4959,3.5480,1.1827,0.5802,0.8194,0.3916,2.5000,0.3915,0.4030,45,0.0551,0.3414,0.2778,0.5000,0.2222,18,53,0.1732,2.3346,5.8889,4.0769,4.0769,3.1228,0.5303,0.2925,2.6003,0.8831,0.4832,3.5392,1.2020,0.5901,1.0663,0.4567,3.7027,0.3962,0.4079,45,0.0551,0.3317,0.2778,0.4444,0.2778,-1,-0.0033,0.2420,-0.1111,-0.0769,0.2198,0.1326,0.0319,0.0157,-0.1437,-0.0315,-0.0127,-0.0088,0.0193,0.0099,0.2469,0.0652,1.2027,0.0047,0.0049,0,0,-0.0097,0,-0.0556,0.0556,51,2,3,250,0.9444,0.9921,0.0079,0.0556,0.9623,0.9444,0.9533,0.9434,0.9365,0.9107,4,5,0,10,8,10
154,WLNM_dir_neg_kfold,0.4200,0.3567,00:00:01,10,90,14,20359,fixed,0.5000,0.6667,0.4000,0.5000,2,1,3,9,0.4000,0.9000,0.1000,0.6000,0.6667,0.4000,0.5000,0.7333,0.6000,0.3333,0.3536,0.3000,61,56,5,0,61,0,56,0,5,18,54,0.1765,2.0927,6,4.1538,3.8571,2.9902,0.4984,0.2767,2.7440,0.9147,0.4959,3.5480,1.1827,0.5802,0.8194,0.3916,2.5000,0.3915,0.4030,45,0.0551,0.3414,0.2778,0.5000,0.2222,18,52,0.1699,2.4120,5.7778,4,4,3.1726,0.5491,0.3045,2.5870,0.8955,0.4893,3.5627,1.2332,0.6026,1.1935,0.4948,4.1213,0.3782,0.4074,44,0.0539,0.3438,0.2778,0.4444,0.2778,-2,-0.0065,0.3193,-0.2222,-0.1538,0.1429,0.1824,0.0507,0.0277,-0.1569,-0.0191,-0.0066,0.0147,0.0506,0.0223,0.3741,0.1033,1.6213,-0.0133,0.0044,-1,-0.0012,0.0024,0,-0.0556,0.0556,51,1,3,251,0.9444,0.9960,0.0040,0.0556,0.9808,0.9444,0.9623,0.9546,0.9405,0.9273,3,5,0,10,8,10
155,WLNM_dir_neg_kfold,0.4200,0.3567,00:00:01,10,90,15,20360,fixed,0.5000,0.4000,0.4000,0.4000,2,3,3,7,0.4000,0.7000,0.3000,0.6000,0.4000,0.4000,0.4000,0.6000,0.5556,0.1000,0.1000,0.1000,61,56,5,0,61,0,56,0,5,18,54,0.1765,2.0927,6,4.1538,3.8571,2.9902,0.4984,0.2767,2.7440,0.9147,0.4959,3.5480,1.1827,0.5802,0.8194,0.3916,2.5000,0.3915,0.4030,45,0.0551,0.3414,0.2778,0.5000,0.2222,18,54,0.1765,2.1972,6,4.1538,4.1538,3.1993,0.5332,0.2932,2.7225,0.9075,0.4959,3.7573,1.2524,0.6132,0.8936,0.4067,3,0.3588,0.3728,43,0.0527,0.3571,0.2778,0.4444,0.2778,0,0,0.1045,0,0,0.2967,0.2091,0.0348,0.0165,-0.0215,-0.0072,0,0.2094,0.0698,0.0329,0.0742,0.0151,0.5000,-0.0327,-0.0302,-2,-0.0025,0.0157,0,-0.0556,0.0556,51,3,3,249,0.9444,0.9881,0.0119,0.0556,0.9444,0.9444,0.9444,0.9325,0.9325,0.8947,5,5,0,10,8,10
156,WLNM_dir_neg_kfold,0.7600,0.4864,00:00:01,10,90,16,20361,fixed,0.5000,1,0.4000,0.5714,2,0,3,10,0.4000,1,0,0.6000,1,0.4000,0.5714,0.8000,0.6222,0.4706,0.5547,0.4000,61,56,5,0,61,0,56,0,5,18,54,0.1765,2.0927,6,4.1538,3.8571,2.9902,0.4984,0.2767,2.7440,0.9147,0.4959,3.5480,1.1827,0.5802,0.8194,0.3916,2.5000,0.3915,0.4030,45,0.0551,0.3414,0.2778,0.5000,0.2222,18,51,0.1667,2.1260,5.6667,3.9231,3.9231,3.1436,0.5548,0.3083,2.6178,0.9239,0.5022,3.5851,1.2653,0.6133,0.8783,0.4131,3,0.3698,0.3942,41,0.0502,0.3424,0.2778,0.4444,0.2778,-3,-0.0098,0.0333,-0.3333,-0.2308,0.0659,0.1534,0.0564,0.0315,-0.1262,0.0093,0.0063,0.0371,0.0827,0.0330,0.0589,0.0216,0.5000,-0.0216,-0.0088,-4,-0.0049,0.0010,0,-0.0556,0.0556,51,0,3,252,0.9444,1,0,0.0556,1,0.9444,0.9714,0.9661,0.9444,0.9444,2,5,0,10,8,10
157,WLNM_dir_neg_kfold,0.5800,0.3760,00:00:01,10,90,17,20362,fixed,0.5000,0.6667,0.4000,0.5000,2,1,3,9,0.4000,0.9000,0.1000,0.6000,0.6667,0.4000,0.5000,0.7333,0.6000,0.3333,0.3536,0.3000,61,56,5,0,61,0,56,0,5,18,54,0.1765,2.0927,6,4.1538,3.8571,2.9902,0.4984,0.2767,2.7440,0.9147,0.4959,3.5480,1.1827,0.5802,0.8194,0.3916,2.5000,0.3915,0.4030,45,0.0551,0.3414,0.2778,0.5000,0.2222,18,52,0.1699,2.3344,5.7778,3.7143,4,3.0785,0.5328,0.2959,2.5642,0.8876,0.4829,3.6281,1.2559,0.6132,0.9378,0.4017,3,0.3372,0.3856,41,0.0502,0.3114,0.2222,0.5000,0.2778,-2,-0.0065,0.2417,-0.2222,-0.4396,0.1429,0.0883,0.0345,0.0192,-0.1798,-0.0270,-0.0130,0.0801,0.0732,0.0330,0.1184,0.0102,0.5000,-0.0543,-0.0174,-4,-0.0049,-0.0300,-0.0556,0,0.0556,51,1,3,251,0.9444,0.9960,0.0040,0.0556,0.9808,0.9444,0.9623,0.9546,0.9405,0.9273,3,5,0,10,8,10
158,WLNM_dir_neg_kfold,0.5200,0.3897,00:00:01,10,90,18,20363,fixed,0.5000,1,0.4000,0.5714,2,0,3,10,0.4000,1,0,0.6000,1,0.4000,0.5714,0.8000,0.6222,0.4706,0.5547,0.4000,61,56,5,0,61,0,56,0,5,18,54,0.1765,2.0927,6,4.1538,3.8571,2.9902,0.4984,0.2767,2.7440,0.9147,0.4959,3.5480,1.1827,0.5802,0.8194,0.3916,2.5000,0.3915,0.4030,45,0.0551,0.3414,0.2778,0.5000,0.2222,18,51,0.1667,2.1260,5.6667,3.9231,3.9231,3.1436,0.5548,0.3083,2.6178,0.9239,0.5022,3.5851,1.2653,0.6133,0.8783,0.4131,3,0.3698,0.3942,41,0.0502,0.3424,0.2778,0.4444,0.2778,-3,-0.0098,0.0333,-0.3333,-0.2308,0.0659,0.1534,0.0564,0.0315,-0.1262,0.0093,0.0063,0.0371,0.0827,0.0330,0.0589,0.0216,0.5000,-0.0216,-0.0088,-4,-0.0049,0.0010,0,-0.0556,0.0556,51,0,3,252,0.9444,1,0,0.0556,1,0.9444,0.9714,0.9661,0.9444,0.9444,2,5,0,10,8,10
159,WLNM_dir_neg_kfold,0.5600,0.3907,00:00:01,10,90,19,20364,fixed,0.5000,0.6667,0.4000,0.5000,2,1,3,9,0.4000,0.9000,0.1000,0.6000,0.6667,0.4000,0.5000,0.7333,0.6000,0.3333,0.3536,0.3000,61,56,5,0,61,0,56,0,5,18,54,0.1765,2.0927,6,4.1538,3.8571,2.9902,0.4984,0.2767,2.7440,0.9147,0.4959,3.5480,1.1827,0.5802,0.8194,0.3916,2.5000,0.3915,0.4030,45,0.0551,0.3414,0.2778,0.5000,0.2222,18,52,0.1699,2.1450,5.7778,4,4,3.0975,0.5361,0.2970,2.6321,0.9111,0.4957,3.5627,1.2332,0.6026,0.8791,0.4098,3,0.4143,0.4138,44,0.0539,0.3313,0.2778,0.4444,0.2778,-2,-0.0065,0.0524,-0.2222,-0.1538,0.1429,0.1074,0.0377,0.0203,-0.1118,-0.0035,-0.0002,0.0147,0.0506,0.0223,0.0597,0.0183,0.5000,0.0228,0.0108,-1,-0.0012,-0.0101,0,-0.0556,0.0556,51,1,3,251,0.9444,0.9960,0.0040,0.0556,0.9808,0.9444,0.9623,0.9546,0.9405,0.9273,3,5,0,10,8,10
160,WLNM_dir_neg_kfold,0.7900,0.4780,00:00:01,10,90,20,20365,fixed,0.5000,0.5000,0.2000,0.2857,1,1,4,9,0.2000,0.9000,0.1000,0.8000,0.5000,0.2000,0.2857,0.6667,0.6222,0.1176,0.1387,0.1000,61,56,5,0,61,0,56,0,5,18,54,0.1765,2.0927,6,4.1538,3.8571,2.9902,0.4984,0.2767,2.7440,0.9147,0.4959,3.5480,1.1827,0.5802,0.8194,0.3916,2.5000,0.3915,0.4030,45,0.0551,0.3414,0.2778,0.5000,0.2222,18,51,0.1667,2.1260,5.6667,3.9231,3.9231,2.9902,0.5277,0.2941,2.6178,0.9239,0.5022,3.4513,1.2181,0.6002,0.8783,0.4131,3,0.3244,0.3651,37,0.0453,0.3240,0.2778,0.4444,0.2778,-3,-0.0098,0.0333,-0.3333,-0.2308,0.0659,0,0.0293,0.0174,-0.1262,0.0093,0.0063,-0.0966,0.0355,0.0200,0.0589,0.0216,0.5000,-0.0671,-0.0379,-8,-0.0098,-0.0174,0,-0.0556,0.0556,50,1,4,251,0.9259,0.9960,0.0040,0.0741,0.9804,0.9259,0.9524,0.9431,0.9220,0.9091,2,5,0,10,8,10
161,WLNM_dir_neg_kfold,0.9600,0.7381,00:00:01,10,90,1,21346,fixed,0.5000,1,0.8000,0.8889,4,0,1,10,0.8000,1,0,0.2000,1,0.8000,0.8889,0.9333,0.5778,0.8421,0.8528,0.8000,61,56,5,0,61,0,56,0,5,18,54,0.1765,2.0927,6,4.1538,3.8571,2.9902,0.4984,0.2767,2.7440,0.9147,0.4959,3.5480,1.1827,0.5802,0.8194,0.3916,2.5000,0.3915,0.4030,45,0.0551,0.3414,0.2778,0.5000,0.2222,18,53,0.1732,1.8400,5.8889,4.4167,3.7857,3.0849,0.5238,0.2914,2.7965,0.9497,0.5126,3.5723,1.2132,0.5901,0.6524,0.3546,1.8120,0.4263,0.4103,45,0.0551,0.4004,0.3333,0.4444,0.2222,-1,-0.0033,-0.2527,-0.1111,0.2628,-0.0714,0.0947,0.0255,0.0147,0.0525,0.0351,0.0167,0.0243,0.0306,0.0099,-0.1670,-0.0370,-0.6880,0.0349,0.0073,0,0,0.0590,0.0556,-0.0556,0,53,0,1,252,0.9815,1,0,0.0185,1,0.9815,0.9907,0.9887,0.9815,0.9815,4,5,0,10,9,10
162,WLNM_dir_neg_kfold,0.7600,0.4366,00:00:01,10,90,2,21347,fixed,0.5000,0.5000,0.6000,0.5455,3,3,2,7,0.6000,0.7000,0.3000,0.4000,0.5000,0.6000,0.5455,0.6667,0.5333,0.2857,0.2887,0.3000,61,56,5,0,61,0,56,0,5,18,54,0.1765,2.0927,6,4.1538,3.8571,2.9902,0.4984,0.2767,2.7440,0.9147,0.4959,3.5480,1.1827,0.5802,0.8194,0.3916,2.5000,0.3915,0.4030,45,0.0551,0.3414,0.2778,0.5000,0.2222,18,55,0.1797,1.9323,6.1111,4.5833,3.6667,3.0271,0.4953,0.2737,2.7541,0.9013,0.4879,3.5723,1.1691,0.5687,0.7199,0.3726,1.8900,0.4219,0.3718,43,0.0527,0.3952,0.3333,0.5000,0.1667,1,0.0033,-0.1603,0.1111,0.4295,-0.1905,0.0369,-0.0030,-0.0030,0.0101,-0.0133,-0.0080,0.0243,-0.0135,-0.0116,-0.0995,-0.0190,-0.6100,0.0305,-0.0312,-2,-0.0025,0.0538,0.0556,0,-0.0556,52,3,2,249,0.9630,0.9881,0.0119,0.0370,0.9455,0.9630,0.9541,0.9442,0.9511,0.9123,6,5,0,10,9,10
163,WLNM_dir_neg_kfold,1,0.8000,00:00:01,10,90,3,21348,fixed,0.5000,1,0.6000,0.7500,3,0,2,10,0.6000,1,0,0.4000,1,0.6000,0.7500,0.8667,0.6000,0.6667,0.7071,0.6000,61,56,5,0,61,0,56,0,5,18,54,0.1765,2.0927,6,4.1538,3.8571,2.9902,0.4984,0.2767,2.7440,0.9147,0.4959,3.5480,1.1827,0.5802,0.8194,0.3916,2.5000,0.3915,0.4030,45,0.0551,0.3414,0.2778,0.5000,0.2222,18,52,0.1699,1.8315,5.7778,4.3333,3.7143,3.0011,0.5194,0.2885,2.7201,0.9416,0.5064,3.5792,1.2389,0.5940,0.6433,0.3512,1.7968,0.3937,0.3631,38,0.0466,0.4063,0.3333,0.4444,0.2222,-2,-0.0065,-0.2611,-0.2222,0.1795,-0.1429,0.0109,0.0211,0.0117,-0.0239,0.0269,0.0105,0.0312,0.0563,0.0138,-0.1762,-0.0403,-0.7032,0.0022,-0.0399,-7,-0.0086,0.0649,0.0556,-0.0556,0,52,0,2,252,0.9630,1,0,0.0370,1,0.9630,0.9811,0.9774,0.9630,0.9630,3,5,0,10,9,10
164,WLNM_dir_neg_kfold,0.9800,0.7633,00:00:01,10,90,4,21349,fixed,0.5000,1,0.8000,0.8889,4,0,1,10,0.8000,1,0,0.2000,1,0.8000,0.8889,0.9333,0.5778,0.8421,0.8528,0.8000,61,56,5,0,61,0,56,0,5,18,54,0.1765,2.0927,6,4.1538,3.8571,2.9902,0.4984,0.2767,2.7440,0.9147,0.4959,3.5480,1.1827,0.5802,0.8194,0.3916,2.5000,0.3915,0.4030,45,0.0551,0.3414,0.2778,0.5000,0.2222,18,53,0.1732,1.8400,5.8889,4.4167,3.7857,3.0849,0.5238,0.2914,2.7965,0.9497,0.5126,3.5723,1.2132,0.5901,0.6524,0.3546,1.8120,0.4263,0.4103,45,0.0551,0.4004,0.3333,0.4444,0.2222,-1,-0.0033,-0.2527,-0.1111,0.2628,-0.0714,0.0947,0.0255,0.0147,0.0525,0.0351,0.0167,0.0243,0.0306,0.0099,-0.1670,-0.0370,-0.6880,0.0349,0.0073,0,0,0.0590,0.0556,-0.0556,0,53,0,1,252,0.9815,1,0,0.0185,1,0.9815,0.9907,0.9887,0.9815,0.9815,4,5,0,10,9,10
165,WLNM_dir_neg_kfold,0.8400,0.5078,00:00:01,10,90,5,21350,fixed,0.5000,0.8000,0.8000,0.8000,4,1,1,9,0.8000,0.9000,0.1000,0.2000,0.8000,0.8000,0.8000,0.8667,0.5556,0.7000,0.7000,0.7000,61,56,5,0,61,0,56,0,5,18,54,0.1765,2.0927,6,4.1538,3.8571,2.9902,0.4984,0.2767,2.7440,0.9147,0.4959,3.5480,1.1827,0.5802,0.8194,0.3916,2.5000,0.3915,0.4030,45,0.0551,0.3414,0.2778,0.5000,0.2222,18,54,0.1765,1,6,4.1538,3.8571,3.0870,0.5145,0.2850,2.7440,0.9147,0.4959,3.6137,1.2046,0.5905,0,0,0,0.4263,0.4103,45,0.0551,0.3532,0.2778,0.5000,0.2222,0,0,-1.0927,0,0,0,0.0968,0.0161,0.0082,0,0,0,0.0657,0.0219,0.0103,-0.8194,-0.3916,-2.5000,0.0349,0.0073,0,0,0.0118,0,0,0,53,1,1,251,0.9815,0.9960,0.0040,0.0185,0.9815,0.9815,0.9815,0.9775,0.9775,0.9636,5,5,0,10,9,10
166,WLNM_dir_neg_kfold,0.9800,0.7633,00:00:01,10,90,6,21351,fixed,0.5000,1,0.6000,0.7500,3,0,2,10,0.6000,1,0,0.4000,1,0.6000,0.7500,0.8667,0.6000,0.6667,0.7071,0.6000,61,56,5,0,61,0,56,0,5,18,54,0.1765,2.0927,6,4.1538,3.8571,2.9902,0.4984,0.2767,2.7440,0.9147,0.4959,3.5480,1.1827,0.5802,0.8194,0.3916,2.5000,0.3915,0.4030,45,0.0551,0.3414,0.2778,0.5000,0.2222,18,52,0.1699,1.8373,5.7778,4.3333,3.7143,3.0011,0.5194,0.2885,2.6765,0.9265,0.5043,3.5792,1.2389,0.5940,0.6482,0.3528,1.7635,0.4051,0.3726,39,0.0478,0.4014,0.3333,0.4444,0.2222,-2,-0.0065,-0.2554,-0.2222,0.1795,-0.1429,0.0109,0.0211,0.0117,-0.0675,0.0118,0.0084,0.0312,0.0563,0.0138,-0.1712,-0.0388,-0.7365,0.0137,-0.0304,-6,-0.0074,0.0600,0.0556,-0.0556,0,52,0,2,252,0.9630,1,0,0.0370,1,0.9630,0.9811,0.9774,0.9630,0.9630,3,5,0,10,9,10
167,WLNM_dir_neg_kfold,0.9600,0.7381,00:00:01,10,90,7,21352,fixed,0.5000,1,0.6000,0.7500,3,0,2,10,0.6000,1,0,0.4000,1,0.6000,0.7500,0.8667,0.6000,0.6667,0.7071,0.6000,61,56,5,0,61,0,56,0,5,18,54,0.1765,2.0927,6,4.1538,3.8571,2.9902,0.4984,0.2767,2.7440,0.9147,0.4959,3.5480,1.1827,0.5802,0.8194,0.3916,2.5000,0.3915,0.4030,45,0.0551,0.3414,0.2778,0.5000,0.2222,18,52,0.1699,1.8315,5.7778,4.3333,3.7143,3.0011,0.5194,0.2885,2.7201,0.9416,0.5064,3.5792,1.2389,0.5940,0.6433,0.3512,1.7968,0.3937,0.3631,38,0.0466,0.4063,0.3333,0.4444,0.2222,-2,-0.0065,-0.2611,-0.2222,0.1795,-0.1429,0.0109,0.0211,0.0117,-0.0239,0.0269,0.0105,0.0312,0.0563,0.0138,-0.1762,-0.0403,-0.7032,0.0022,-0.0399,-7,-0.0086,0.0649,0.0556,-0.0556,0,52,0,2,252,0.9630,1,0,0.0370,1,0.9630,0.9811,0.9774,0.9630,0.9630,3,5,0,10,9,10
168,WLNM_dir_neg_kfold,0.9000,0.5514,00:00:01,10,90,8,21353,fixed,0.5000,0.8000,0.8000,0.8000,4,1,1,9,0.8000,0.9000,0.1000,0.2000,0.8000,0.8000,0.8000,0.8667,0.5556,0.7000,0.7000,0.7000,61,56,5,0,61,0,56,0,5,18,54,0.1765,2.0927,6,4.1538,3.8571,2.9902,0.4984,0.2767,2.7440,0.9147,0.4959,3.5480,1.1827,0.5802,0.8194,0.3916,2.5000,0.3915,0.4030,45,0.0551,0.3414,0.2778,0.5000,0.2222,18,54,0.1765,1.8400,6,4.5000,3.8571,3.0486,0.5081,0.2809,2.8076,0.9359,0.5062,3.6137,1.2046,0.5905,0.6524,0.3546,1.8120,0.4034,0.3994,45,0.0551,0.4025,0.3333,0.4444,0.2222,0,0,-0.2527,0,0.3462,0,0.0584,0.0097,0.0041,0.0636,0.0212,0.0103,0.0657,0.0219,0.0103,-0.1670,-0.0370,-0.6880,0.0120,-0.0036,0,0,0.0611,0.0556,-0.0556,0,53,1,1,251,0.9815,0.9960,0.0040,0.0185,0.9815,0.9815,0.9815,0.9775,0.9775,0.9636,5,5,0,10,9,10
169,WLNM_dir_neg_kfold,0.8400,0.4730,00:00:01,10,90,9,21354,fixed,0.5000,0.6667,0.8000,0.7273,4,2,1,8,0.8000,0.8000,0.2000,0.2000,0.6667,0.8000,0.7273,0.8000,0.5333,0.5714,0.5774,0.6000,61,56,5,0,61,0,56,0,5,18,54,0.1765,2.0927,6,4.1538,3.8571,2.9902,0.4984,0.2767,2.7440,0.9147,0.4959,3.5480,1.1827,0.5802,0.8194,0.3916,2.5000,0.3915,0.4030,45,0.0551,0.3414,0.2778,0.5000,0.2222,18,55,0.1797,1,6.1111,4.2308,3.9286,3.1039,0.5079,0.2818,2.7326,0.8943,0.4838,3.7334,1.2218,0.5970,0,0,0,0.3821,0.3959,45,0.0551,0.3702,0.2778,0.5000,0.2222,1,0.0033,-1.0927,0.1111,0.0769,0.0714,0.1137,0.0095,0.0051,-0.0113,-0.0203,-0.0120,0.1854,0.0392,0.0167,-0.8194,-0.3916,-2.5000,-0.0093,-0.0071,0,0,0.0288,0,0,0,53,2,1,250,0.9815,0.9921,0.0079,0.0185,0.9636,0.9815,0.9725,0.9666,0.9735,0.9464,6,5,0,10,9,10
170,WLNM_dir_neg_kfold,0.9200,0.6348,00:00:01,10,90,10,21355,fixed,0.5000,0.8000,0.8000,0.8000,4,1,1,9,0.8000,0.9000,0.1000,0.2000,0.8000,0.8000,0.8000,0.8667,0.5556,0.7000,0.7000,0.7000,61,56,5,0,61,0,56,0,5,18,54,0.1765,2.0927,6,4.1538,3.8571,2.9902,0.4984,0.2767,2.7440,0.9147,0.4959,3.5480,1.1827,0.5802,0.8194,0.3916,2.5000,0.3915,0.4030,45,0.0551,0.3414,0.2778,0.5000,0.2222,18,54,0.1765,1.8524,6,4.5000,3.8571,3.0870,0.5145,0.2850,2.8284,0.9428,0.5082,3.6137,1.2046,0.5905,0.6589,0.3557,1.8343,0.4183,0.4059,46,0.0564,0.4021,0.3333,0.4444,0.2222,0,0,-0.2403,0,0.3462,0,0.0968,0.0161,0.0082,0.0844,0.0281,0.0123,0.0657,0.0219,0.0103,-0.1605,-0.0359,-0.6657,0.0268,0.0029,1,0.0012,0.0607,0.0556,-0.0556,0,53,1,1,251,0.9815,0.9960,0.0040,0.0185,0.9815,0.9815,0.9815,0.9775,0.9775,0.9636,5,5,0,10,9,10
171,WLNM_dir_neg_kfold,0.8400,0.6016,00:00:01,10,90,11,21356,fixed,0.5000,0.6000,0.6000,0.6000,3,2,2,8,0.6000,0.8000,0.2000,0.4000,0.6000,0.6000,0.6000,0.7333,0.5556,0.4000,0.4000,0.4000,61,56,5,0,61,0,56,0,5,18,54,0.1765,2.0927,6,4.1538,3.8571,2.9902,0.4984,0.2767,2.7440,0.9147,0.4959,3.5480,1.1827,0.5802,0.8194,0.3916,2.5000,0.3915,0.4030,45,0.0551,0.3414,0.2778,0.5000,0.2222,18,54,0.1765,1.8287,6,4.5000,3.6000,2.8491,0.4749,0.2634,2.7865,0.9288,0.5000,3.5147,1.1716,0.5617,0.6412,0.3506,1.8083,0.3630,0.3750,41,0.0502,0.3932,0.3333,0.5000,0.1667,0,0,-0.2640,0,0.3462,-0.2571,-0.1410,-0.0235,-0.0134,0.0425,0.0142,0.0041,-0.0333,-0.0111,-0.0185,-0.1782,-0.0409,-0.6917,-0.0285,-0.0280,-4,-0.0049,0.0518,0.0556,0,-0.0556,52,2,2,250,0.9630,0.9921,0.0079,0.0370,0.9630,0.9630,0.9630,0.9550,0.9550,0.9286,5,5,0,10,9,10
172,WLNM_dir_neg_kfold,0.8400,0.4851,00:00:01,10,90,12,21357,fixed,0.5000,0.6667,0.4000,0.5000,2,1,3,9,0.4000,0.9000,0.1000,0.6000,0.6667,0.4000,0.5000,0.7333,0.6000,0.3333,0.3536,0.3000,61,56,5,0,61,0,56,0,5,18,54,0.1765,2.0927,6,4.1538,3.8571,2.9902,0.4984,0.2767,2.7440,0.9147,0.4959,3.5480,1.1827,0.5802,0.8194,0.3916,2.5000,0.3915,0.4030,45,0.0551,0.3414,0.2778,0.5000,0.2222,18,52,0.1699,1,5.7778,4,3.7143,2.9417,0.5091,0.2810,2.5412,0.8796,0.4808,3.6443,1.2615,0.6026,0,0,0,0.3722,0.3300,33,0.0404,0.3611,0.2778,0.5000,0.2222,-2,-0.0065,-1.0927,-0.2222,-0.1538,-0.1429,-0.0485,0.0108,0.0042,-0.2028,-0.0350,-0.0151,0.0963,0.0788,0.0223,-0.8194,-0.3916,-2.5000,-0.0193,-0.0730,-12,-0.0147,0.0197,0,0,0,51,1,3,251,0.9444,0.9960,0.0040,0.0556,0.9808,0.9444,0.9623,0.9546,0.9405,0.9273,3,5,0,10,9,10
173,WLNM_dir_neg_kfold,0.9000,0.6163,00:00:01,10,90,13,21358,fixed,0.5000,0.7500,0.6000,0.6667,3,1,2,9,0.6000,0.9000,0.1000,0.4000,0.7500,0.6000,0.6667,0.8000,0.5778,0.5263,0.5330,0.5000,61,56,5,0,61,0,56,0,5,18,54,0.1765,2.0927,6,4.1538,3.8571,2.9902,0.4984,0.2767,2.7440,0.9147,0.4959,3.5480,1.1827,0.5802,0.8194,0.3916,2.5000,0.3915,0.4030,45,0.0551,0.3414,0.2778,0.5000,0.2222,18,53,0.1732,1.9797,5.8889,4.0769,3.7857,2.9283,0.4973,0.2757,2.6228,0.8908,0.4874,3.6214,1.2299,0.5943,0.6843,0.3457,2,0.3723,0.3645,39,0.0478,0.3542,0.2778,0.5000,0.2222,-1,-0.0033,-0.1130,-0.1111,-0.0769,-0.0714,-0.0618,-0.0011,-0.0011,-0.1212,-0.0239,-0.0085,0.0734,0.0472,0.0141,-0.1351,-0.0459,-0.5000,-0.0191,-0.0385,-6,-0.0074,0.0128,0,0,0,52,1,2,251,0.9630,0.9960,0.0040,0.0370,0.9811,0.9630,0.9720,0.9661,0.9590,0.9455,4,5,0,10,9,10
174,WLNM_dir_neg_kfold,0.8200,0.6665,00:00:01,10,90,14,21359,fixed,0.5000,1,0.8000,0.8889,4,0,1,10,0.8000,1,0,0.2000,1,0.8000,0.8889,0.9333,0.5778,0.8421,0.8528,0.8000,61,56,5,0,61,0,56,0,5,18,54,0.1765,2.0927,6,4.1538,3.8571,2.9902,0.4984,0.2767,2.7440,0.9147,0.4959,3.5480,1.1827,0.5802,0.8194,0.3916,2.5000,0.3915,0.4030,45,0.0551,0.3414,0.2778,0.5000,0.2222,18,53,0.1732,1.8400,5.8889,4.4167,3.7857,3.0849,0.5238,0.2914,2.7965,0.9497,0.5126,3.5723,1.2132,0.5901,0.6524,0.3546,1.8120,0.4263,0.4103,45,0.0551,0.4004,0.3333,0.4444,0.2222,-1,-0.0033,-0.2527,-0.1111,0.2628,-0.0714,0.0947,0.0255,0.0147,0.0525,0.0351,0.0167,0.0243,0.0306,0.0099,-0.1670,-0.0370,-0.6880,0.0349,0.0073,0,0,0.0590,0.0556,-0.0556,0,53,0,1,252,0.9815,1,0,0.0185,1,0.9815,0.9907,0.9887,0.9815,0.9815,4,5,0,10,9,10
175,WLNM_dir_neg_kfold,0.9200,0.7056,00:00:01,10,90,15,21360,fixed,0.5000,1,0.6000,0.7500,3,0,2,10,0.6000,1,0,0.4000,1,0.6000,0.7500,0.8667,0.6000,0.6667,0.7071,0.6000,61,56,5,0,61,0,56,0,5,18,54,0.1765,2.0927,6,4.1538,3.8571,2.9902,0.4984,0.2767,2.7440,0.9147,0.4959,3.5480,1.1827,0.5802,0.8194,0.3916,2.5000,0.3915,0.4030,45,0.0551,0.3414,0.2778,0.5000,0.2222,18,52,0.1699,1.8315,5.7778,4.3333,3.7143,3.0011,0.5194,0.2885,2.7201,0.9416,0.5064,3.5792,1.2389,0.5940,0.6433,0.3512,1.7968,0.3937,0.3631,38,0.0466,0.4063,0.3333,0.4444,0.2222,-2,-0.0065,-0.2611,-0.2222,0.1795,-0.1429,0.0109,0.0211,0.0117,-0.0239,0.0269,0.0105,0.0312,0.0563,0.0138,-0.1762,-0.0403,-0.7032,0.0022,-0.0399,-7,-0.0086,0.0649,0.0556,-0.0556,0,52,0,2,252,0.9630,1,0,0.0370,1,0.9630,0.9811,0.9774,0.9630,0.9630,3,5,0,10,9,10
176,WLNM_dir_neg_kfold,0.9000,0.6163,00:00:01,10,90,16,21361,fixed,0.5000,0.8000,0.8000,0.8000,4,1,1,9,0.8000,0.9000,0.1000,0.2000,0.8000,0.8000,0.8000,0.8667,0.5556,0.7000,0.7000,0.7000,61,56,5,0,61,0,56,0,5,18,54,0.1765,2.0927,6,4.1538,3.8571,2.9902,0.4984,0.2767,2.7440,0.9147,0.4959,3.5480,1.1827,0.5802,0.8194,0.3916,2.5000,0.3915,0.4030,45,0.0551,0.3414,0.2778,0.5000,0.2222,18,54,0.1765,1,6,4.1538,3.8571,3.0870,0.5145,0.2850,2.7440,0.9147,0.4959,3.6137,1.2046,0.5905,0,0,0,0.4263,0.4103,45,0.0551,0.3532,0.2778,0.5000,0.2222,0,0,-1.0927,0,0,0,0.0968,0.0161,0.0082,0,0,0,0.0657,0.0219,0.0103,-0.8194,-0.3916,-2.5000,0.0349,0.0073,0,0,0.0118,0,0,0,53,1,1,251,0.9815,0.9960,0.0040,0.0185,0.9815,0.9815,0.9815,0.9775,0.9775,0.9636,5,5,0,10,9,10
177,WLNM_dir_neg_kfold,0.8200,0.6665,00:00:01,10,90,17,21362,fixed,0.5000,1,0.4000,0.5714,2,0,3,10,0.4000,1,0,0.6000,1,0.4000,0.5714,0.8000,0.6222,0.4706,0.5547,0.4000,61,56,5,0,61,0,56,0,5,18,54,0.1765,2.0927,6,4.1538,3.8571,2.9902,0.4984,0.2767,2.7440,0.9147,0.4959,3.5480,1.1827,0.5802,0.8194,0.3916,2.5000,0.3915,0.4030,45,0.0551,0.3414,0.2778,0.5000,0.2222,18,51,0.1667,1.8287,5.6667,4.2500,3.6429,2.9306,0.5172,0.2865,2.5952,0.9160,0.4978,3.6015,1.2711,0.6024,0.6389,0.3494,1.7464,0.3722,0.3300,33,0.0404,0.4092,0.3333,0.4444,0.2222,-3,-0.0098,-0.2639,-0.3333,0.0962,-0.2143,-0.0596,0.0188,0.0097,-0.1487,0.0013,0.0019,0.0535,0.0884,0.0221,-0.1805,-0.0422,-0.7536,-0.0193,-0.0730,-12,-0.0147,0.0678,0.0556,-0.0556,0,51,0,3,252,0.9444,1,0,0.0556,1,0.9444,0.9714,0.9661,0.9444,0.9444,2,5,0,10,9,10
178,WLNM_dir_neg_kfold,0.8000,0.4335,00:00:01,10,90,18,21363,fixed,0.5000,0.5714,0.8000,0.6667,4,3,1,7,0.8000,0.7000,0.3000,0.2000,0.5714,0.8000,0.6667,0.7333,0.5111,0.4545,0.4725,0.5000,61,56,5,0,61,0,56,0,5,18,54,0.1765,2.0927,6,4.1538,3.8571,2.9902,0.4984,0.2767,2.7440,0.9147,0.4959,3.5480,1.1827,0.5802,0.8194,0.3916,2.5000,0.3915,0.4030,45,0.0551,0.3414,0.2778,0.5000,0.2222,18,56,0.1830,1.8917,6.2222,4.6667,3.7333,2.8811,0.4630,0.2550,2.8469,0.9151,0.4940,3.5461,1.1398,0.5595,0.6847,0.3619,1.8676,0.3712,0.4006,47,0.0576,0.3761,0.3333,0.5000,0.1667,2,0.0065,-0.2010,0.2222,0.5128,-0.1238,-0.1091,-0.0353,-0.0218,0.1029,0.0004,-0.0018,-0.0018,-0.0428,-0.0207,-0.1348,-0.0296,-0.6324,-0.0202,-0.0024,2,0.0025,0.0347,0.0556,0,-0.0556,53,3,1,249,0.9815,0.9881,0.0119,0.0185,0.9464,0.9815,0.9636,0.9559,0.9696,0.9298,7,5,0,10,9,10
179,WLNM_dir_neg_kfold,0.9400,0.7196,00:00:01,10,90,19,21364,fixed,0.5000,1,0.8000,0.8889,4,0,1,10,0.8000,1,0,0.2000,1,0.8000,0.8889,0.9333,0.5778,0.8421,0.8528,0.8000,61,56,5,0,61,0,56,0,5,18,54,0.1765,2.0927,6,4.1538,3.8571,2.9902,0.4984,0.2767,2.7440,0.9147,0.4959,3.5480,1.1827,0.5802,0.8194,0.3916,2.5000,0.3915,0.4030,45,0.0551,0.3414,0.2778,0.5000,0.2222,18,53,0.1732,1.8400,5.8889,4.4167,3.7857,3.0849,0.5238,0.2914,2.7965,0.9497,0.5126,3.5723,1.2132,0.5901,0.6524,0.3546,1.8120,0.4263,0.4103,45,0.0551,0.4004,0.3333,0.4444,0.2222,-1,-0.0033,-0.2527,-0.1111,0.2628,-0.0714,0.0947,0.0255,0.0147,0.0525,0.0351,0.0167,0.0243,0.0306,0.0099,-0.1670,-0.0370,-0.6880,0.0349,0.0073,0,0,0.0590,0.0556,-0.0556,0,53,0,1,252,0.9815,1,0,0.0185,1,0.9815,0.9907,0.9887,0.9815,0.9815,4,5,0,10,9,10
180,WLNM_dir_neg_kfold,0.8400,0.5078,00:00:01,10,90,20,21365,fixed,0.5000,0.8000,0.8000,0.8000,4,1,1,9,0.8000,0.9000,0.1000,0.2000,0.8000,0.8000,0.8000,0.8667,0.5556,0.7000,0.7000,0.7000,61,56,5,0,61,0,56,0,5,18,54,0.1765,2.0927,6,4.1538,3.8571,2.9902,0.4984,0.2767,2.7440,0.9147,0.4959,3.5480,1.1827,0.5802,0.8194,0.3916,2.5000,0.3915,0.4030,45,0.0551,0.3414,0.2778,0.5000,0.2222,18,54,0.1765,1.8400,6,4.5000,3.8571,3.0679,0.5113,0.2819,2.8284,0.9428,0.5082,3.6137,1.2046,0.5905,0.6524,0.3546,1.8120,0.4097,0.3982,45,0.0551,0.4038,0.3333,0.4444,0.2222,0,0,-0.2527,0,0.3462,0,0.0777,0.0129,0.0051,0.0844,0.0281,0.0123,0.0657,0.0219,0.0103,-0.1670,-0.0370,-0.6880,0.0182,-0.0048,0,0,0.0624,0.0556,-0.0556,0,53,1,1,251,0.9815,0.9960,0.0040,0.0185,0.9815,0.9815,0.9815,0.9775,0.9775,0.9636,5,5,0,10,9,10
181,WLNM_dir_neg_kfold,0.8000,0.6215,00:00:00,10,90,1,22346,fixed,0.5000,1,0.4000,0.5714,2,0,3,10,0.4000,1,0,0.6000,1,0.4000,0.5714,0.8000,0.6222,0.4706,0.5547,0.4000,61,56,5,0,61,0,56,0,5,18,54,0.1765,2.0927,6,4.1538,3.8571,2.9902,0.4984,0.2767,2.7440,0.9147,0.4959,3.5480,1.1827,0.5802,0.8194,0.3916,2.5000,0.3915,0.4030,45,0.0551,0.3414,0.2778,0.5000,0.2222,18,51,0.1667,2.1103,5.6667,3.9231,3.9231,2.9506,0.5207,0.2876,2.6624,0.9397,0.5022,3.3650,1.1877,0.5937,0.8317,0.3941,2.5000,0.3987,0.4073,41,0.0502,0.3220,0.2222,0.5000,0.2222,-3,-0.0098,0.0176,-0.3333,-0.2308,0.0659,-0.0396,0.0223,0.0108,-0.0816,0.0250,0.0063,-0.1829,0.0050,0.0134,0.0123,0.0026,0,0.0072,0.0043,-4,-0.0049,-0.0194,-0.0556,0,0,51,0,3,252,0.9444,1,0,0.0556,1,0.9444,0.9714,0.9661,0.9444,0.9444,2,5,0,10,10,10
182,WLNM_dir_neg_kfold,0.7000,0.4425,00:00:01,10,90,2,22347,fixed,0.5000,1,0.2000,0.3333,1,0,4,10,0.2000,1,0,0.8000,1,0.2000,0.3333,0.7333,0.6444,0.2500,0.3780,0.2000,61,56,5,0,61,0,56,0,5,18,54,0.1765,2.0927,6,4.1538,3.8571,2.9902,0.4984,0.2767,2.7440,0.9147,0.4959,3.5480,1.1827,0.5802,0.8194,0.3916,2.5000,0.3915,0.4030,45,0.0551,0.3414,0.2778,0.5000,0.2222,18,50,0.1634,2.1204,5.5556,3.8462,3.8462,2.8743,0.5174,0.2867,2.6247,0.9449,0.5000,3.2640,1.1750,0.5911,0.8374,0.3949,2.5000,0.3863,0.4048,39,0.0478,0.3079,0.2222,0.5000,0.2222,-4,-0.0131,0.0277,-0.4444,-0.3077,-0.0110,-0.1159,0.0190,0.0099,-0.1193,0.0302,0.0041,-0.2840,-0.0076,0.0109,0.0180,0.0034,0,-0.0051,0.0019,-6,-0.0074,-0.0335,-0.0556,0,0,50,0,4,252,0.9259,1,0,0.0741,1,0.9259,0.9615,0.9547,0.9259,0.9259,1,5,0,10,10,10
183,WLNM_dir_neg_kfold,0.8200,0.5311,00:00:01,10,90,3,22348,fixed,0.5000,1,0.4000,0.5714,2,0,3,10,0.4000,1,0,0.6000,1,0.4000,0.5714,0.8000,0.6222,0.4706,0.5547,0.4000,61,56,5,0,61,0,56,0,5,18,54,0.1765,2.0927,6,4.1538,3.8571,2.9902,0.4984,0.2767,2.7440,0.9147,0.4959,3.5480,1.1827,0.5802,0.8194,0.3916,2.5000,0.3915,0.4030,45,0.0551,0.3414,0.2778,0.5000,0.2222,18,51,0.1667,2.1080,5.6667,3.9231,3.9231,2.9704,0.5242,0.2898,2.6624,0.9397,0.5022,3.3650,1.1877,0.5937,0.8272,0.3924,2.5000,0.3915,0.4145,42,0.0515,0.3217,0.2222,0.5000,0.2222,-3,-0.0098,0.0153,-0.3333,-0.2308,0.0659,-0.0197,0.0258,0.0130,-0.0816,0.0250,0.0063,-0.1829,0.0050,0.0134,0.0077,0.0008,0,0,0.0115,-3,-0.0037,-0.0197,-0.0556,0,0,51,0,3,252,0.9444,1,0,0.0556,1,0.9444,0.9714,0.9661,0.9444,0.9444,2,5,0,10,10,10
184,WLNM_dir_neg_kfold,0.7800,0.4630,00:00:01,10,90,4,22349,fixed,0.5000,0.5000,0.2000,0.2857,1,1,4,9,0.2000,0.9000,0.1000,0.8000,0.5000,0.2000,0.2857,0.6667,0.6222,0.1176,0.1387,0.1000,61,56,5,0,61,0,56,0,5,18,54,0.1765,2.0927,6,4.1538,3.8571,2.9902,0.4984,0.2767,2.7440,0.9147,0.4959,3.5480,1.1827,0.5802,0.8194,0.3916,2.5000,0.3915,0.4030,45,0.0551,0.3414,0.2778,0.5000,0.2222,18,51,0.1667,2.1512,5.6667,3.9231,3.9231,2.8697,0.5064,0.2800,2.6402,0.9318,0.4956,3.3122,1.1690,0.5915,0.8451,0.3929,2.5000,0.3748,0.4013,40,0.0490,0.3071,0.2222,0.5000,0.2222,-3,-0.0098,0.0586,-0.3333,-0.2308,0.0659,-0.1205,0.0081,0.0032,-0.1038,0.0172,-0.0002,-0.2358,-0.0137,0.0113,0.0257,0.0013,0,-0.0167,-0.0016,-5,-0.0061,-0.0343,-0.0556,0,0,50,1,4,251,0.9259,0.9960,0.0040,0.0741,0.9804,0.9259,0.9524,0.9431,0.9220,0.9091,2,5,0,10,10,10
185,WLNM_dir_neg_kfold,0.8800,0.6855,00:00:01,10,90,5,22350,fixed,0.5000,1,0.8000,0.8889,4,0,1,10,0.8000,1,0,0.2000,1,0.8000,0.8889,0.9333,0.5778,0.8421,0.8528,0.8000,61,56,5,0,61,0,56,0,5,18,54,0.1765,2.0927,6,4.1538,3.8571,2.9902,0.4984,0.2767,2.7440,0.9147,0.4959,3.5480,1.1827,0.5802,0.8194,0.3916,2.5000,0.3915,0.4030,45,0.0551,0.3414,0.2778,0.5000,0.2222,18,53,0.1732,2.0927,5.8889,4.0769,4.0769,3.1228,0.5303,0.2935,2.7326,0.9281,0.5000,3.5887,1.2188,0.6006,0.8194,0.3916,2.5000,0.4032,0.4079,45,0.0551,0.3569,0.2222,0.5000,0.2222,-1,-0.0033,0,-0.1111,-0.0769,0.2198,0.1326,0.0319,0.0168,-0.0113,0.0134,0.0041,0.0408,0.0362,0.0204,0,0,0,0.0118,0.0049,0,0,0.0155,-0.0556,0,0,53,0,1,252,0.9815,1,0,0.0185,1,0.9815,0.9907,0.9887,0.9815,0.9815,4,5,0,10,10,10
186,WLNM_dir_neg_kfold,0.7000,0.4418,00:00:01,10,90,6,22351,fixed,0.5000,0.4000,0.4000,0.4000,2,3,3,7,0.4000,0.7000,0.3000,0.6000,0.4000,0.4000,0.4000,0.6000,0.5556,0.1000,0.1000,0.1000,61,56,5,0,61,0,56,0,5,18,54,0.1765,2.0927,6,4.1538,3.8571,2.9902,0.4984,0.2767,2.7440,0.9147,0.4959,3.5480,1.1827,0.5802,0.8194,0.3916,2.5000,0.3915,0.4030,45,0.0551,0.3414,0.2778,0.5000,0.2222,18,54,0.1765,2.1268,6,4.1538,3.8571,3.1993,0.5332,0.2942,2.9104,0.9701,0.5144,3.4300,1.1433,0.5741,0.8425,0.3962,2.5000,0.4701,0.4273,47,0.0576,0.3247,0.2222,0.5556,0.1667,0,0,0.0342,0,0,0,0.2091,0.0348,0.0175,0.1665,0.0555,0.0185,-0.1180,-0.0393,-0.0062,0.0231,0.0046,0,0.0787,0.0243,2,0.0025,-0.0167,-0.0556,0.0556,-0.0556,51,3,3,249,0.9444,0.9881,0.0119,0.0556,0.9444,0.9444,0.9444,0.9325,0.9325,0.8947,5,5,0,10,10,10
187,WLNM_dir_neg_kfold,0.8200,0.5433,00:00:01,10,90,7,22352,fixed,0.5000,0.5000,0.6000,0.5455,3,3,2,7,0.6000,0.7000,0.3000,0.4000,0.5000,0.6000,0.5455,0.6667,0.5333,0.2857,0.2887,0.3000,61,56,5,0,61,0,56,0,5,18,54,0.1765,2.0927,6,4.1538,3.8571,2.9902,0.4984,0.2767,2.7440,0.9147,0.4959,3.5480,1.1827,0.5802,0.8194,0.3916,2.5000,0.3915,0.4030,45,0.0551,0.3414,0.2778,0.5000,0.2222,18,55,0.1797,2.2242,6.1111,3.9286,4.2308,3.0849,0.5048,0.2778,2.8382,0.9289,0.4939,3.6537,1.1958,0.5990,0.8083,0.3634,2.5000,0.4662,0.4029,47,0.0576,0.3235,0.2222,0.5000,0.2778,1,0.0033,0.1315,0.1111,-0.2253,0.3736,0.0947,0.0064,0.0010,0.0943,0.0142,-0.0019,0.1057,0.0131,0.0187,-0.0111,-0.0281,0,0.0747,-0.0001,2,0.0025,-0.0179,-0.0556,0,0.0556,52,3,2,249,0.9630,0.9881,0.0119,0.0370,0.9455,0.9630,0.9541,0.9442,0.9511,0.9123,6,5,0,10,10,10
188,WLNM_dir_neg_kfold,0.5600,0.2810,00:00:01,10,90,8,22353,fixed,0.5000,0.3333,0.4000,0.3636,2,4,3,6,0.4000,0.6000,0.4000,0.6000,0.3333,0.4000,0.3636,0.5333,0.5333,0,0,0,61,56,5,0,61,0,56,0,5,18,54,0.1765,2.0927,6,4.1538,3.8571,2.9902,0.4984,0.2767,2.7440,0.9147,0.4959,3.5480,1.1827,0.5802,0.8194,0.3916,2.5000,0.3915,0.4030,45,0.0551,0.3414,0.2778,0.5000,0.2222,18,55,0.1797,4.2372,6.1111,3.6667,3.9286,3.3235,0.5438,0.3000,2.5315,0.8285,0.4455,3.2625,1.0677,0.5424,1.8788,0.4434,5.4324,0.4022,0.4231,44,0.0539,0.2340,0.1111,0.6667,0.1667,1,0.0033,2.1445,0.1111,-0.4872,0.0714,0.3333,0.0455,0.0233,-0.2125,-0.0862,-0.0504,-0.2855,-0.1149,-0.0378,1.0594,0.0519,2.9324,0.0108,0.0201,-1,-0.0012,-0.1074,-0.1667,0.1667,-0.0556,51,4,3,248,0.9444,0.9841,0.0159,0.0556,0.9273,0.9444,0.9358,0.9219,0.9286,0.8793,6,5,0,10,10,10
189,WLNM_dir_neg_kfold,0.7000,0.3865,00:00:01,10,90,9,22354,fixed,0.5000,0.5000,0.2000,0.2857,1,1,4,9,0.2000,0.9000,0.1000,0.8000,0.5000,0.2000,0.2857,0.6667,0.6222,0.1176,0.1387,0.1000,61,56,5,0,61,0,56,0,5,18,54,0.1765,2.0927,6,4.1538,3.8571,2.9902,0.4984,0.2767,2.7440,0.9147,0.4959,3.5480,1.1827,0.5802,0.8194,0.3916,2.5000,0.3915,0.4030,45,0.0551,0.3414,0.2778,0.5000,0.2222,18,51,0.1667,2.1122,5.6667,3.9231,3.9231,2.8901,0.5100,0.2821,2.7279,0.9628,0.5065,3.2585,1.1500,0.5850,0.8295,0.3927,2.5000,0.4049,0.4000,40,0.0490,0.3048,0.2222,0.5000,0.2222,-3,-0.0098,0.0195,-0.3333,-0.2308,0.0659,-0.1000,0.0117,0.0054,-0.0161,0.0481,0.0107,-0.2895,-0.0326,0.0047,0.0100,0.0011,0,0.0135,-0.0030,-5,-0.0061,-0.0366,-0.0556,0,0,50,1,4,251,0.9259,0.9960,0.0040,0.0741,0.9804,0.9259,0.9524,0.9431,0.9220,0.9091,2,5,0,10,10,10
190,WLNM_dir_neg_kfold,0.6200,0.3094,00:00:01,10,90,10,22355,fixed,0.5000,0.5000,0.4000,0.4444,2,2,3,8,0.4000,0.8000,0.2000,0.6000,0.5000,0.4000,0.4444,0.6667,0.5778,0.2105,0.2132,0.2000,61,56,5,0,61,0,56,0,5,18,54,0.1765,2.0927,6,4.1538,3.8571,2.9902,0.4984,0.2767,2.7440,0.9147,0.4959,3.5480,1.1827,0.5802,0.8194,0.3916,2.5000,0.3915,0.4030,45,0.0551,0.3414,0.2778,0.5000,0.2222,18,53,0.1732,3.2557,5.8889,3.7857,3.7857,3.1415,0.5335,0.2956,2.5776,0.8754,0.4686,3.3161,1.1262,0.5671,1.3583,0.4172,4.4138,0.3915,0.4145,42,0.0515,0.2799,0.1667,0.6111,0.1667,-1,-0.0033,1.1630,-0.1111,-0.3681,-0.0714,0.1514,0.0351,0.0188,-0.1664,-0.0393,-0.0273,-0.2319,-0.0564,-0.0132,0.5389,0.0257,1.9138,0,0.0115,-3,-0.0037,-0.0615,-0.1111,0.1111,-0.0556,51,2,3,250,0.9444,0.9921,0.0079,0.0556,0.9623,0.9444,0.9533,0.9434,0.9365,0.9107,4,5,0,10,10,10
191,WLNM_dir_neg_kfold,0.8800,0.6855,00:00:01,10,90,11,22356,fixed,0.5000,1,0.4000,0.5714,2,0,3,10,0.4000,1,0,0.6000,1,0.4000,0.5714,0.8000,0.6222,0.4706,0.5547,0.4000,61,56,5,0,61,0,56,0,5,18,54,0.1765,2.0927,6,4.1538,3.8571,2.9902,0.4984,0.2767,2.7440,0.9147,0.4959,3.5480,1.1827,0.5802,0.8194,0.3916,2.5000,0.3915,0.4030,45,0.0551,0.3414,0.2778,0.5000,0.2222,18,51,0.1667,2.1143,5.6667,3.9231,3.9231,2.9506,0.5207,0.2876,2.6624,0.9397,0.5022,3.3825,1.1938,0.5959,0.8351,0.3950,2.5000,0.3925,0.3974,40,0.0490,0.3255,0.2222,0.5000,0.2222,-3,-0.0098,0.0216,-0.3333,-0.2308,0.0659,-0.0396,0.0223,0.0108,-0.0816,0.0250,0.0063,-0.1655,0.0112,0.0156,0.0156,0.0034,0,0.0011,-0.0056,-5,-0.0061,-0.0159,-0.0556,0,0,51,0,3,252,0.9444,1,0,0.0556,1,0.9444,0.9714,0.9661,0.9444,0.9444,2,5,0,10,10,10
192,WLNM_dir_neg_kfold,0.7400,0.3993,00:00:01,10,90,12,22357,fixed,0.5000,0.5000,0.2000,0.2857,1,1,4,9,0.2000,0.9000,0.1000,0.8000,0.5000,0.2000,0.2857,0.6667,0.6222,0.1176,0.1387,0.1000,61,56,5,0,61,0,56,0,5,18,54,0.1765,2.0927,6,4.1538,3.8571,2.9902,0.4984,0.2767,2.7440,0.9147,0.4959,3.5480,1.1827,0.5802,0.8194,0.3916,2.5000,0.3915,0.4030,45,0.0551,0.3414,0.2778,0.5000,0.2222,18,51,0.1667,2.9851,5.6667,3.6429,3.9231,3.0098,0.5311,0.2941,2.5725,0.9079,0.4804,3.2404,1.1437,0.5784,1.2299,0.4120,3.9032,0.3863,0.4048,39,0.0478,0.2651,0.1667,0.5556,0.2222,-3,-0.0098,0.8924,-0.3333,-0.5110,0.0659,0.0196,0.0328,0.0174,-0.1715,-0.0067,-0.0155,-0.3076,-0.0390,-0.0018,0.4105,0.0205,1.4032,-0.0051,0.0019,-6,-0.0074,-0.0763,-0.1111,0.0556,0,50,1,4,251,0.9259,0.9960,0.0040,0.0741,0.9804,0.9259,0.9524,0.9431,0.9220,0.9091,2,5,0,10,10,10
193,WLNM_dir_neg_kfold,0.6800,0.3655,00:00:01,10,90,13,22358,fixed,0.5000,0.5000,0.2000,0.2857,1,1,4,9,0.2000,0.9000,0.1000,0.8000,0.5000,0.2000,0.2857,0.6667,0.6222,0.1176,0.1387,0.1000,61,56,5,0,61,0,56,0,5,18,54,0.1765,2.0927,6,4.1538,3.8571,2.9902,0.4984,0.2767,2.7440,0.9147,0.4959,3.5480,1.1827,0.5802,0.8194,0.3916,2.5000,0.3915,0.4030,45,0.0551,0.3414,0.2778,0.5000,0.2222,18,51,0.1667,2.1903,5.6667,3.9231,3.9231,2.9306,0.5172,0.2865,2.5952,0.9160,0.4847,3.2404,1.1437,0.5784,0.9280,0.4237,2.7676,0.3863,0.4048,39,0.0478,0.3055,0.2222,0.5000,0.2222,-3,-0.0098,0.0976,-0.3333,-0.2308,0.0659,-0.0596,0.0188,0.0097,-0.1487,0.0013,-0.0111,-0.3076,-0.0390,-0.0018,0.1086,0.0321,0.2676,-0.0051,0.0019,-6,-0.0074,-0.0359,-0.0556,0,0,50,1,4,251,0.9259,0.9960,0.0040,0.0741,0.9804,0.9259,0.9524,0.9431,0.9220,0.9091,2,5,0,10,10,10
194,WLNM_dir_neg_kfold,0.6200,0.3058,00:00:01,10,90,14,22359,fixed,0.5000,0.3333,0.4000,0.3636,2,4,3,6,0.4000,0.6000,0.4000,0.6000,0.3333,0.4000,0.3636,0.5333,0.5333,0,0,0,61,56,5,0,61,0,56,0,5,18,54,0.1765,2.0927,6,4.1538,3.8571,2.9902,0.4984,0.2767,2.7440,0.9147,0.4959,3.5480,1.1827,0.5802,0.8194,0.3916,2.5000,0.3915,0.4030,45,0.0551,0.3414,0.2778,0.5000,0.2222,18,55,0.1797,2.4471,6.1111,3.9286,3.9286,3.1788,0.5202,0.2859,2.5776,0.8436,0.4535,3.4209,1.1196,0.5646,0.9413,0.3847,2.9559,0.4994,0.4573,50,0.0613,0.3002,0.1667,0.6111,0.1667,1,0.0033,0.3544,0.1111,-0.2253,0.0714,0.1886,0.0218,0.0091,-0.1664,-0.0711,-0.0423,-0.1271,-0.0631,-0.0156,0.1219,-0.0069,0.4559,0.1080,0.0543,5,0.0061,-0.0412,-0.1111,0.1111,-0.0556,51,4,3,248,0.9444,0.9841,0.0159,0.0556,0.9273,0.9444,0.9358,0.9219,0.9286,0.8793,6,5,0,10,10,10
195,WLNM_dir_neg_kfold,0.7600,0.4568,00:00:01,10,90,15,22360,fixed,0.5000,0.6667,0.8000,0.7273,4,2,1,8,0.8000,0.8000,0.2000,0.2000,0.6667,0.8000,0.7273,0.8000,0.5333,0.5714,0.5774,0.6000,61,56,5,0,61,0,56,0,5,18,54,0.1765,2.0927,6,4.1538,3.8571,2.9902,0.4984,0.2767,2.7440,0.9147,0.4959,3.5480,1.1827,0.5802,0.8194,0.3916,2.5000,0.3915,0.4030,45,0.0551,0.3414,0.2778,0.5000,0.2222,18,55,0.1797,2.2223,6.1111,3.9286,4.2308,3.1228,0.5110,0.2828,2.8174,0.9221,0.4899,3.5558,1.1637,0.5828,0.8202,0.3691,2.5000,0.4046,0.4188,49,0.0600,0.3071,0.2222,0.5000,0.2778,1,0.0033,0.1296,0.1111,-0.2253,0.3736,0.1326,0.0126,0.0061,0.0735,0.0074,-0.0060,0.0078,-0.0189,0.0026,0.0008,-0.0225,0,0.0132,0.0158,4,0.0049,-0.0342,-0.0556,0,0.0556,53,2,1,250,0.9815,0.9921,0.0079,0.0185,0.9636,0.9815,0.9725,0.9666,0.9735,0.9464,6,5,0,10,10,10
196,WLNM_dir_neg_kfold,0.8000,0.5685,00:00:01,10,90,16,22361,fixed,0.5000,0.6667,0.8000,0.7273,4,2,1,8,0.8000,0.8000,0.2000,0.2000,0.6667,0.8000,0.7273,0.8000,0.5333,0.5714,0.5774,0.6000,61,56,5,0,61,0,56,0,5,18,54,0.1765,2.0927,6,4.1538,3.8571,2.9902,0.4984,0.2767,2.7440,0.9147,0.4959,3.5480,1.1827,0.5802,0.8194,0.3916,2.5000,0.3915,0.4030,45,0.0551,0.3414,0.2778,0.5000,0.2222,18,55,0.1797,2.8141,6.1111,3.9286,4.2308,3.2879,0.5380,0.2980,2.6673,0.8729,0.4697,3.7017,1.2115,0.6010,1.1198,0.3979,3.6141,0.3616,0.3936,45,0.0551,0.3258,0.1667,0.5556,0.2222,1,0.0033,0.7214,0.1111,-0.2253,0.3736,0.2977,0.0397,0.0212,-0.0767,-0.0417,-0.0262,0.1537,0.0288,0.0208,0.3003,0.0063,1.1141,-0.0298,-0.0094,0,0,-0.0156,-0.1111,0.0556,0,53,2,1,250,0.9815,0.9921,0.0079,0.0185,0.9636,0.9815,0.9725,0.9666,0.9735,0.9464,6,5,0,10,10,10
197,WLNM_dir_neg_kfold,0.6400,0.3121,00:00:01,10,90,17,22362,fixed,0.5000,0.5000,0.2000,0.2857,1,1,4,9,0.2000,0.9000,0.1000,0.8000,0.5000,0.2000,0.2857,0.6667,0.6222,0.1176,0.1387,0.1000,61,56,5,0,61,0,56,0,5,18,54,0.1765,2.0927,6,4.1538,3.8571,2.9902,0.4984,0.2767,2.7440,0.9147,0.4959,3.5480,1.1827,0.5802,0.8194,0.3916,2.5000,0.3915,0.4030,45,0.0551,0.3414,0.2778,0.5000,0.2222,18,51,0.1667,2.1596,5.6667,3.9231,3.9231,2.9104,0.5136,0.2832,2.5952,0.9160,0.4847,3.2585,1.1500,0.5850,0.8867,0.4106,2.6500,0.3874,0.4100,41,0.0502,0.3089,0.2222,0.5000,0.2222,-3,-0.0098,0.0669,-0.3333,-0.2308,0.0659,-0.0798,0.0152,0.0065,-0.1487,0.0013,-0.0111,-0.2895,-0.0326,0.0047,0.0673,0.0190,0.1500,-0.0041,0.0070,-4,-0.0049,-0.0325,-0.0556,0,0,50,1,4,251,0.9259,0.9960,0.0040,0.0741,0.9804,0.9259,0.9524,0.9431,0.9220,0.9091,2,5,0,10,10,10
198,WLNM_dir_neg_kfold,0.7600,0.4952,00:00:01,10,90,18,22363,fixed,0.5000,1,0.4000,0.5714,2,0,3,10,0.4000,1,0,0.6000,1,0.4000,0.5714,0.8000,0.6222,0.4706,0.5547,0.4000,61,56,5,0,61,0,56,0,5,18,54,0.1765,2.0927,6,4.1538,3.8571,2.9902,0.4984,0.2767,2.7440,0.9147,0.4959,3.5480,1.1827,0.5802,0.8194,0.3916,2.5000,0.3915,0.4030,45,0.0551,0.3414,0.2778,0.5000,0.2222,18,51,0.1667,2.1080,5.6667,3.9231,3.9231,2.9704,0.5242,0.2898,2.6624,0.9397,0.5022,3.3650,1.1877,0.5937,0.8272,0.3924,2.5000,0.3915,0.4145,42,0.0515,0.3217,0.2222,0.5000,0.2222,-3,-0.0098,0.0153,-0.3333,-0.2308,0.0659,-0.0197,0.0258,0.0130,-0.0816,0.0250,0.0063,-0.1829,0.0050,0.0134,0.0077,0.0008,0,0,0.0115,-3,-0.0037,-0.0197,-0.0556,0,0,51,0,3,252,0.9444,1,0,0.0556,1,0.9444,0.9714,0.9661,0.9444,0.9444,2,5,0,10,10,10
199,WLNM_dir_neg_kfold,0.6800,0.4035,00:00:01,10,90,19,22364,fixed,0.5000,0.6667,0.4000,0.5000,2,1,3,9,0.4000,0.9000,0.1000,0.6000,0.6667,0.4000,0.5000,0.7333,0.6000,0.3333,0.3536,0.3000,61,56,5,0,61,0,56,0,5,18,54,0.1765,2.0927,6,4.1538,3.8571,2.9902,0.4984,0.2767,2.7440,0.9147,0.4959,3.5480,1.1827,0.5802,0.8194,0.3916,2.5000,0.3915,0.4030,45,0.0551,0.3414,0.2778,0.5000,0.2222,18,52,0.1699,2.0802,5.7778,4,4,3.0011,0.5194,0.2863,2.6544,0.9188,0.4893,3.4960,1.2102,0.6004,0.7850,0.3774,2.0444,0.3499,0.3987,42,0.0515,0.3420,0.2222,0.5000,0.2222,-2,-0.0065,-0.0124,-0.2222,-0.1538,0.1429,0.0109,0.0211,0.0096,-0.0896,0.0042,-0.0066,-0.0520,0.0275,0.0202,-0.0344,-0.0142,-0.4556,-0.0416,-0.0043,-3,-0.0037,0.0006,-0.0556,0,0,51,1,3,251,0.9444,0.9960,0.0040,0.0556,0.9808,0.9444,0.9623,0.9546,0.9405,0.9273,3,5,0,10,10,10
200,WLNM_dir_neg_kfold,0.6200,0.5177,00:00:01,10,90,20,22365,fixed,0.5000,0.7500,0.6000,0.6667,3,1,2,9,0.6000,0.9000,0.1000,0.4000,0.7500,0.6000,0.6667,0.8000,0.5778,0.5263,0.5330,0.5000,61,56,5,0,61,0,56,0,5,18,54,0.1765,2.0927,6,4.1538,3.8571,2.9902,0.4984,0.2767,2.7440,0.9147,0.4959,3.5480,1.1827,0.5802,0.8194,0.3916,2.5000,0.3915,0.4030,45,0.0551,0.3414,0.2778,0.5000,0.2222,18,53,0.1732,2.0397,5.8889,4.0769,4.0769,2.9682,0.5040,0.2767,2.6673,0.9059,0.4874,3.4721,1.1792,0.5922,0.7563,0.3708,2.2500,0.4153,0.3994,43,0.0527,0.3447,0.2222,0.5000,0.2222,-1,-0.0033,-0.0530,-0.1111,-0.0769,0.2198,-0.0219,0.0057,-0.0000,-0.0767,-0.0088,-0.0085,-0.0759,-0.0035,0.0120,-0.0632,-0.0208,-0.2500,0.0238,-0.0036,-2,-0.0025,0.0034,-0.0556,0,0,52,1,2,251,0.9630,0.9960,0.0040,0.0370,0.9811,0.9630,0.9720,0.9661,0.9590,0.9455,4,5,0,10,10,10
